#                 1000000                    lines
#       Iterationsschritt                     Zeit       Bester Fitnesswert
                        1    2.129511250000000E-01    1.079313817686321E+04
                       10    6.161755000000001E-01    9.510847552766654E+03
                       20    1.120613000000000E+00    8.592958990243425E+03
                       30    1.656359125000000E+00    8.445176992550842E+03
                       40    2.160646375000000E+00    8.239723832531474E+03
                       50    2.629066875000000E+00    8.239723832531474E+03
                       60    3.116191125000000E+00    8.127678035436747E+03
                       70    3.616939875000000E+00    8.127678035436747E+03
                       80    4.168540250000000E+00    7.899623873462568E+03
                       90    4.567067750000001E+00    7.851236419680474E+03
                      100    5.122130625000000E+00    7.707618492403841E+03
                      110    5.685180250000000E+00    7.707618492403841E+03
                      120    6.225445625000000E+00    7.707618492403841E+03
                      130    6.703236125000000E+00    7.544365901904089E+03
                      140    7.197069375000000E+00    7.544365901904089E+03
                      150    7.711657125000000E+00    7.544365901904089E+03
                      160    8.188096125000000E+00    7.544365901904089E+03
                      170    8.696840874999999E+00    7.544365901904089E+03
                      180    9.255658125000000E+00    7.544365901904089E+03
                      190    9.801723500000000E+00    7.544365901904089E+03
                      200    1.037960837500000E+01    7.544365901904089E+03
                      210    1.084023462500000E+01    7.544365901904089E+03
                      220    1.131721662500000E+01    7.544365901904089E+03
                      230    1.184399912500000E+01    7.544365901904089E+03
                      240    1.232371062500000E+01    7.544365901904089E+03
                      250    1.283886912500000E+01    7.544365901904089E+03
                      260    1.334997025000000E+01    7.544365901904089E+03
                      270    1.388997775000000E+01    7.544365901904089E+03
                      280    1.442746837500000E+01    7.544365901904089E+03
                      290    1.482718237500000E+01    7.544365901904089E+03
                      300    1.530120987500000E+01    7.544365901904089E+03
                      310    1.575798937500000E+01    7.544365901904089E+03
                      320    1.622563987500000E+01    7.544365901904089E+03
                      330    1.677573887500000E+01    7.544365901904089E+03
                      340    1.729100775000000E+01    7.544365901904089E+03
                      350    1.785335550000000E+01    7.544365901904089E+03
                      360    1.839680937500000E+01    7.544365901904089E+03
                      370    1.888931700000000E+01    7.544365901904089E+03
                      380    1.939305537500000E+01    7.544365901904089E+03
                      390    1.989364125000000E+01    7.544365901904089E+03
                      400    2.039582700000000E+01    7.544365901904089E+03
                      410    2.095227325000000E+01    7.544365901904089E+03
                      420    2.149744450000000E+01    7.544365901904089E+03
                      430    2.199311725000000E+01    7.544365901904089E+03
                      440    2.254739162500000E+01    7.544365901904089E+03
                      450    2.305612525000000E+01    7.544365901904089E+03
                      460    2.362169862500000E+01    7.544365901904089E+03
                      470    2.417482775000000E+01    7.544365901904089E+03
                      480    2.464711550000000E+01    7.544365901904089E+03
                      490    2.525987600000000E+01    7.544365901904089E+03
                      500    2.577582950000000E+01    7.544365901904089E+03
                      510    2.631920950000000E+01    7.544365901904089E+03
                      520    2.687008975000000E+01    7.544365901904089E+03
                      530    2.741828087500000E+01    7.544365901904089E+03
                      540    2.794034450000000E+01    7.544365901904089E+03
                      550    2.847808575000000E+01    7.544365901904089E+03
                      560    2.897186412500000E+01    7.544365901904089E+03
                      570    2.945515662500000E+01    7.544365901904089E+03
                      580    3.000505912500000E+01    7.544365901904089E+03
                      590    3.053784475000000E+01    7.544365901904089E+03
                      600    3.101716812500000E+01    7.544365901904089E+03
                      610    3.138950987500000E+01    7.544365901904089E+03
                      620    3.193068675000000E+01    7.544365901904089E+03
                      630    3.242460712500000E+01    7.544365901904089E+03
                      640    3.298068287500000E+01    7.544365901904089E+03
                      650    3.352297262500000E+01    7.544365901904089E+03
                      660    3.395254762500000E+01    7.544365901904089E+03
                      670    3.451503987500000E+01    7.544365901904089E+03
                      680    3.505338487500000E+01    7.544365901904089E+03
                      690    3.555139037500000E+01    7.544365901904089E+03
                      700    3.608929775000000E+01    7.544365901904089E+03
                      710    3.660157762500000E+01    7.544365901904089E+03
                      720    3.711727212500000E+01    7.544365901904089E+03
                      730    3.765203462500000E+01    7.544365901904089E+03
                      740    3.816357387500000E+01    7.544365901904089E+03
                      750    3.859861662500000E+01    7.544365901904089E+03
                      760    3.917597700000000E+01    7.544365901904089E+03
                      770    3.968141587500000E+01    7.544365901904089E+03
                      780    4.014080250000000E+01    7.544365901904089E+03
                      790    4.056899337500000E+01    7.544365901904089E+03
                      800    4.098528262500000E+01    7.544365901904089E+03
                      810    4.154178462500000E+01    7.544365901904089E+03
                      820    4.207164650000000E+01    7.544365901904089E+03
                      830    4.248219100000000E+01    7.544365901904089E+03
                      840    4.297577200000000E+01    7.544365901904089E+03
                      850    4.357436325000000E+01    7.544365901904089E+03
                      860    4.411095687500000E+01    7.544365901904089E+03
                      870    4.463585850000000E+01    7.544365901904089E+03
                      880    4.520812150000000E+01    7.544365901904089E+03
                      890    4.571553000000000E+01    7.544365901904089E+03
                      900    4.623165012500000E+01    7.544365901904089E+03
                      910    4.680842562500000E+01    7.544365901904089E+03
                      920    4.724596262500000E+01    7.544365901904089E+03
                      930    4.779381362500000E+01    7.544365901904089E+03
                      940    4.838438375000000E+01    7.544365901904089E+03
                      950    4.888017475000000E+01    7.544365901904089E+03
                      960    4.937716487500000E+01    7.544365901904089E+03
                      970    4.987251662500000E+01    7.544365901904089E+03
                      980    5.037711300000000E+01    7.544365901904089E+03
                      990    5.079288087500000E+01    7.544365901904089E+03
                     1000    5.123116837500000E+01    7.544365901904089E+03
                     1010    5.167404700000000E+01    7.544365901904089E+03
                     1020    5.219045362500000E+01    7.544365901904089E+03
                     1030    5.274267062500000E+01    7.544365901904089E+03
                     1040    5.326759462500000E+01    7.544365901904089E+03
                     1050    5.375317087500000E+01    7.544365901904089E+03
                     1060    5.426887250000000E+01    7.544365901904089E+03
                     1070    5.480689850000000E+01    7.544365901904089E+03
                     1080    5.535647025000000E+01    7.544365901904089E+03
                     1090    5.576045612500000E+01    7.544365901904089E+03
                     1100    5.628812262500000E+01    7.544365901904089E+03
                     1110    5.680428050000000E+01    7.544365901904089E+03
                     1120    5.733903837500000E+01    7.544365901904089E+03
                     1130    5.775549775000000E+01    7.544365901904089E+03
                     1140    5.823559887500000E+01    7.544365901904089E+03
                     1150    5.879095887500000E+01    7.544365901904089E+03
                     1160    5.930409337500000E+01    7.544365901904089E+03
                     1170    5.985221600000000E+01    7.544365901904089E+03
                     1180    6.037244387500000E+01    7.544365901904089E+03
                     1190    6.075995350000000E+01    7.544365901904089E+03
                     1200    6.126687087500000E+01    7.544365901904089E+03
                     1210    6.158941787500000E+01    7.544365901904089E+03
                     1220    6.208960687500000E+01    7.544365901904089E+03
                     1230    6.263034325000000E+01    7.544365901904089E+03
                     1240    6.314925475000000E+01    7.544365901904089E+03
                     1250    6.366609187500000E+01    7.544365901904089E+03
                     1260    6.411403237500001E+01    7.544365901904089E+03
                     1270    6.450141925000001E+01    7.544365901904089E+03
                     1280    6.501090812500000E+01    7.544365901904089E+03
                     1290    6.551263850000001E+01    7.544365901904089E+03
                     1300    6.597869675000001E+01    7.544365901904089E+03
                     1310    6.645450650000001E+01    7.544365901904089E+03
                     1320    6.701765437500001E+01    7.544365901904089E+03
                     1330    6.755631312500000E+01    7.544365901904089E+03
                     1340    6.807550387500001E+01    7.544365901904089E+03
                     1350    6.853588462500001E+01    7.544365901904089E+03
                     1360    6.903004600000000E+01    7.544365901904089E+03
                     1370    6.957572300000001E+01    7.544365901904089E+03
                     1380    6.997342387500001E+01    7.544365901904089E+03
                     1390    7.053420750000001E+01    7.544365901904089E+03
                     1400    7.105569787500001E+01    7.544365901904089E+03
                     1410    7.156620775000000E+01    7.544365901904089E+03
                     1420    7.194376912500000E+01    7.544365901904089E+03
                     1430    7.238602762500001E+01    7.544365901904089E+03
                     1440    7.289778125000001E+01    7.544365901904089E+03
                     1450    7.348734525000000E+01    7.544365901904089E+03
                     1460    7.404976050000000E+01    7.544365901904089E+03
                     1470    7.459594325000000E+01    7.544365901904089E+03
                     1480    7.506689687500001E+01    7.544365901904089E+03
                     1490    7.558241875000000E+01    7.544365901904089E+03
                     1500    7.602529312500000E+01    7.544365901904089E+03
                     1510    7.638546775000000E+01    7.544365901904089E+03
                     1520    7.687705287500000E+01    7.544365901904089E+03
                     1530    7.731703325000001E+01    7.544365901904089E+03
                     1540    7.783225937500001E+01    7.544365901904089E+03
                     1550    7.835260650000001E+01    7.544365901904089E+03
                     1560    7.889769075000001E+01    7.544365901904089E+03
                     1570    7.943283875000000E+01    7.544365901904089E+03
                     1580    7.995532800000001E+01    7.544365901904089E+03
                     1590    8.040502362500001E+01    7.544365901904089E+03
                     1600    8.092278237500001E+01    7.544365901904089E+03
                     1610    8.137922437500001E+01    7.544365901904089E+03
                     1620    8.172561537500000E+01    7.544365901904089E+03
                     1630    8.214108675000000E+01    7.544365901904089E+03
                     1640    8.256404437500001E+01    7.544365901904089E+03
                     1650    8.295717187500000E+01    7.544365901904089E+03
                     1660    8.335182050000000E+01    7.544365901904089E+03
                     1670    8.384138287500001E+01    7.544365901904089E+03
                     1680    8.425328762500000E+01    7.544365901904089E+03
                     1690    8.473784687500000E+01    7.544365901904089E+03
                     1700    8.526908287500001E+01    7.544365901904089E+03
                     1710    8.573174475000000E+01    7.544365901904089E+03
                     1720    8.625766312500001E+01    7.544365901904089E+03
                     1730    8.664371512500000E+01    7.544365901904089E+03
                     1740    8.706174712500001E+01    7.544365901904089E+03
                     1750    8.753461412500000E+01    7.544365901904089E+03
                     1760    8.801447775000001E+01    7.544365901904089E+03
                     1770    8.845328837500000E+01    7.544365901904089E+03
                     1780    8.892582787500001E+01    7.544365901904089E+03
                     1790    8.946123475000000E+01    7.544365901904089E+03
                     1800    8.999440150000001E+01    7.544365901904089E+03
                     1810    9.048310925000001E+01    7.544365901904089E+03
                     1820    9.100493200000001E+01    7.544365901904089E+03
                     1830    9.150634525000001E+01    7.544365901904089E+03
                     1840    9.197982787500001E+01    7.544365901904089E+03
                     1850    9.248405562500001E+01    7.544365901904089E+03
                     1860    9.299128100000000E+01    7.544365901904089E+03
                     1870    9.342319750000000E+01    7.544365901904089E+03
                     1880    9.398247400000001E+01    7.544365901904089E+03
                     1890    9.439282050000000E+01    7.544365901904089E+03
                     1900    9.484108100000000E+01    7.544365901904089E+03
                     1910    9.536831787500000E+01    7.544365901904089E+03
                     1920    9.589573750000001E+01    7.544365901904089E+03
                     1930    9.641547575000000E+01    7.544365901904089E+03
                     1940    9.698346700000000E+01    7.544365901904089E+03
                     1950    9.757341962500000E+01    7.544365901904089E+03
                     1960    9.818523450000001E+01    7.544365901904089E+03
                     1970    9.862108575000001E+01    7.544365901904089E+03
                     1980    9.919751550000001E+01    7.544365901904089E+03
                     1990    9.974457537500001E+01    7.544365901904089E+03
                     2000    1.002737692500000E+02    7.544365901904089E+03
                     2010    1.007974582500000E+02    7.544365901904089E+03
                     2020    1.013214522500000E+02    7.544365901904089E+03
                     2030    1.017952210000000E+02    7.544365901904089E+03
                     2040    1.023023782500000E+02    7.544365901904089E+03
                     2050    1.028645393750000E+02    7.544365901904089E+03
                     2060    1.033673637500000E+02    7.544365901904089E+03
                     2070    1.037434541250000E+02    7.544365901904089E+03
                     2080    1.042501140000000E+02    7.544365901904089E+03
                     2090    1.046607887500000E+02    7.544365901904089E+03
                     2100    1.051370528750000E+02    7.544365901904089E+03
                     2110    1.057052603750000E+02    7.544365901904089E+03
                     2120    1.061933306250000E+02    7.544365901904089E+03
                     2130    1.066994895000000E+02    7.544365901904089E+03
                     2140    1.071909701250000E+02    7.544365901904089E+03
                     2150    1.076116612500000E+02    7.544365901904089E+03
                     2160    1.081451362500000E+02    7.544365901904089E+03
                     2170    1.086015142500000E+02    7.544365901904089E+03
                     2180    1.090778993750000E+02    7.544365901904089E+03
                     2190    1.095866393750000E+02    7.544365901904089E+03
                     2200    1.100979883750000E+02    7.544365901904089E+03
                     2210    1.106513553750000E+02    7.544365901904089E+03
                     2220    1.111771425000000E+02    7.544365901904089E+03
                     2230    1.116947892500000E+02    7.544365901904089E+03
                     2240    1.121115822500000E+02    7.544365901904089E+03
                     2250    1.126189413750000E+02    7.544365901904089E+03
                     2260    1.131289987500000E+02    7.544365901904089E+03
                     2270    1.136615385000000E+02    7.544365901904089E+03
                     2280    1.141492571250000E+02    7.544365901904089E+03
                     2290    1.145748790000000E+02    7.544365901904089E+03
                     2300    1.150865098750000E+02    7.544365901904089E+03
                     2310    1.155829565000000E+02    7.544365901904089E+03
                     2320    1.160296792500000E+02    7.544365901904089E+03
                     2330    1.165510996250000E+02    7.544365901904089E+03
                     2340    1.169991702500000E+02    7.544365901904089E+03
                     2350    1.175328216250000E+02    7.544365901904089E+03
                     2360    1.179156875000000E+02    7.544365901904089E+03
                     2370    1.184652821250000E+02    7.544365901904089E+03
                     2380    1.189817071250000E+02    7.544365901904089E+03
                     2390    1.195133935000000E+02    7.544365901904089E+03
                     2400    1.200888996250000E+02    7.544365901904089E+03
                     2410    1.205507695000000E+02    7.544365901904089E+03
                     2420    1.210760790000000E+02    7.544365901904089E+03
                     2430    1.215690433750000E+02    7.544365901904089E+03
                     2440    1.221376515000000E+02    7.544365901904089E+03
                     2450    1.226214605000000E+02    7.544365901904089E+03
                     2460    1.231806553750000E+02    7.544365901904089E+03
                     2470    1.236322126250000E+02    7.544365901904089E+03
                     2480    1.241440478750000E+02    7.544365901904089E+03
                     2490    1.245794555000000E+02    7.544365901904089E+03
                     2500    1.250410217500000E+02    7.544365901904089E+03
                     2510    1.254868941250000E+02    7.544365901904089E+03
                     2520    1.260253271250000E+02    7.544365901904089E+03
                     2530    1.265934700000000E+02    7.544365901904089E+03
                     2540    1.271161266250000E+02    7.544365901904089E+03
                     2550    1.276293435000000E+02    7.544365901904089E+03
                     2560    1.281051658750000E+02    7.544365901904089E+03
                     2570    1.286340696250000E+02    7.544365901904089E+03
                     2580    1.291670858750000E+02    7.544365901904089E+03
                     2590    1.297073907500000E+02    7.544365901904089E+03
                     2600    1.302510490000000E+02    7.544365901904089E+03
                     2610    1.305712201250000E+02    7.544365901904089E+03
                     2620    1.310532022500000E+02    7.544365901904089E+03
                     2630    1.315495612500000E+02    7.544365901904089E+03
                     2640    1.319144360000000E+02    7.544365901904089E+03
                     2650    1.324592970000000E+02    7.544365901904089E+03
                     2660    1.329872017500000E+02    7.544365901904089E+03
                     2670    1.335597607500000E+02    7.544365901904089E+03
                     2680    1.340898943750000E+02    7.544365901904089E+03
                     2690    1.345693585000000E+02    7.544365901904089E+03
                     2700    1.351335115000000E+02    7.544365901904089E+03
                     2710    1.356557643750000E+02    7.544365901904089E+03
                     2720    1.360487046250000E+02    7.544365901904089E+03
                     2730    1.365178958750000E+02    7.544365901904089E+03
                     2740    1.370378316250000E+02    7.544365901904089E+03
                     2750    1.375633263750000E+02    7.544365901904089E+03
                     2760    1.380200518750000E+02    7.544365901904089E+03
                     2770    1.385612973750000E+02    7.544365901904089E+03
                     2780    1.389718798750000E+02    7.544365901904089E+03
                     2790    1.393911290000000E+02    7.544365901904089E+03
                     2800    1.399103610000000E+02    7.544365901904089E+03
                     2810    1.404420001250000E+02    7.544365901904089E+03
