#                 1000000                    lines
#       Iterationsschritt                     Zeit                <Fitness>
                        1    2.129511250000000E-01    2.902207231916171E+04
                       10    6.161755000000001E-01    2.330782294502489E+04
                       20    1.120613000000000E+00    1.310856425672513E+04
                       30    1.656359125000000E+00    1.145437298560283E+04
                       40    2.160646375000000E+00    1.061813409899895E+04
                       50    2.629066875000000E+00    1.004592734610937E+04
                       60    3.116191125000000E+00    9.686189923634527E+03
                       70    3.616939875000000E+00    9.523844287546333E+03
                       80    4.168540250000000E+00    9.359989780042539E+03
                       90    4.567067750000001E+00    9.122372893725689E+03
                      100    5.122130625000000E+00    8.999891511271879E+03
                      110    5.685180250000000E+00    8.944289424343324E+03
                      120    6.225445625000000E+00    8.862707861139810E+03
                      130    6.703236125000000E+00    8.821349030920823E+03
                      140    7.197069375000000E+00    8.768891081591841E+03
                      150    7.711657125000000E+00    8.781579977854159E+03
                      160    8.188096125000000E+00    8.697244849495837E+03
                      170    8.696840874999999E+00    8.656162980396448E+03
                      180    9.255658125000000E+00    8.628095561664681E+03
                      190    9.801723500000000E+00    8.569136519533924E+03
                      200    1.037960837500000E+01    8.542696785917986E+03
                      210    1.084023462500000E+01    8.569847717572262E+03
                      220    1.131721662500000E+01    8.521016362591279E+03
                      230    1.184399912500000E+01    8.638776468238688E+03
                      240    1.232371062500000E+01    8.565959685362737E+03
                      250    1.283886912500000E+01    8.535633009882966E+03
                      260    1.334997025000000E+01    8.499531415855177E+03
                      270    1.388997775000000E+01    8.520470074734247E+03
                      280    1.442746837500000E+01    8.535051851933069E+03
                      290    1.482718237500000E+01    8.499758256493893E+03
                      300    1.530120987500000E+01    8.512046833634482E+03
                      310    1.575798937500000E+01    8.508714584878413E+03
                      320    1.622563987500000E+01    8.439496776224867E+03
                      330    1.677573887500000E+01    8.463227130058131E+03
                      340    1.729100775000000E+01    8.484674664945911E+03
                      350    1.785335550000000E+01    8.449660612828922E+03
                      360    1.839680937500000E+01    8.438906936836169E+03
                      370    1.888931700000000E+01    8.466058131384110E+03
                      380    1.939305537500000E+01    8.416575808900609E+03
                      390    1.989364125000000E+01    8.464359689691748E+03
                      400    2.039582700000000E+01    8.449124077794610E+03
                      410    2.095227325000000E+01    8.418811289547786E+03
                      420    2.149744450000000E+01    8.428835445147532E+03
                      430    2.199311725000000E+01    8.415561671785978E+03
                      440    2.254739162500000E+01    8.454566717254813E+03
                      450    2.305612525000000E+01    8.411585679406557E+03
                      460    2.362169862500000E+01    8.399007073740893E+03
                      470    2.417482775000000E+01    8.472017587519556E+03
                      480    2.464711550000000E+01    8.409215156705386E+03
                      490    2.525987600000000E+01    8.345210709571547E+03
                      500    2.577582950000000E+01    8.387328134096420E+03
                      510    2.631920950000000E+01    8.390602491842003E+03
                      520    2.687008975000000E+01    8.369178425328053E+03
                      530    2.741828087500000E+01    8.355754546811315E+03
                      540    2.794034450000000E+01    8.356530045098574E+03
                      550    2.847808575000000E+01    8.346780437248515E+03
                      560    2.897186412500000E+01    8.413714836652143E+03
                      570    2.945515662500000E+01    8.362633389996952E+03
                      580    3.000505912500000E+01    8.294819093864586E+03
                      590    3.053784475000000E+01    8.336735158817395E+03
                      600    3.101716812500000E+01    8.361429548876307E+03
                      610    3.138950987500000E+01    8.335589282700141E+03
                      620    3.193068675000000E+01    8.308135574836399E+03
                      630    3.242460712500000E+01    8.301131858817880E+03
                      640    3.298068287500000E+01    8.343351962845798E+03
                      650    3.352297262500000E+01    8.348745410965448E+03
                      660    3.395254762500000E+01    8.270080739677671E+03
                      670    3.451503987500000E+01    8.339735120611011E+03
                      680    3.505338487500000E+01    8.347934627782801E+03
                      690    3.555139037500000E+01    8.330971138741686E+03
                      700    3.608929775000000E+01    8.283549358412622E+03
                      710    3.660157762500000E+01    8.339793622055626E+03
                      720    3.711727212500000E+01    8.377192068943674E+03
                      730    3.765203462500000E+01    8.281497729368277E+03
                      740    3.816357387500000E+01    8.314020551593852E+03
                      750    3.859861662500000E+01    8.236871781825084E+03
                      760    3.917597700000000E+01    8.321724110161202E+03
                      770    3.968141587500000E+01    8.307424535779215E+03
                      780    4.014080250000000E+01    8.299000477153164E+03
                      790    4.056899337500000E+01    8.265842420743387E+03
                      800    4.098528262500000E+01    8.311416125061896E+03
                      810    4.154178462500000E+01    8.272946331564042E+03
                      820    4.207164650000000E+01    8.303566917478907E+03
                      830    4.248219100000000E+01    8.315909730628813E+03
                      840    4.297577200000000E+01    8.282229902758911E+03
                      850    4.357436325000000E+01    8.324441605138418E+03
                      860    4.411095687500000E+01    8.300884801121243E+03
                      870    4.463585850000000E+01    8.323927313410935E+03
                      880    4.520812150000000E+01    8.284680615548183E+03
                      890    4.571553000000000E+01    8.319452472018878E+03
                      900    4.623165012500000E+01    8.290404992011307E+03
                      910    4.680842562500000E+01    8.297240873320199E+03
                      920    4.724596262500000E+01    8.375957481986383E+03
                      930    4.779381362500000E+01    8.337811805724443E+03
                      940    4.838438375000000E+01    8.311157495211697E+03
                      950    4.888017475000000E+01    8.343516489092770E+03
                      960    4.937716487500000E+01    8.330333588628520E+03
                      970    4.987251662500000E+01    8.308368552738419E+03
                      980    5.037711300000000E+01    8.340420095276475E+03
                      990    5.079288087500000E+01    8.248378021981182E+03
                     1000    5.123116837500000E+01    8.295925015063862E+03
                     1010    5.167404700000000E+01    8.282259074268139E+03
                     1020    5.219045362500000E+01    8.316828035657156E+03
                     1030    5.274267062500000E+01    8.304151877125372E+03
                     1040    5.326759462500000E+01    8.276742501976207E+03
                     1050    5.375317087500000E+01    8.306966624744011E+03
                     1060    5.426887250000000E+01    8.289540690757884E+03
                     1070    5.480689850000000E+01    8.244357750126830E+03
                     1080    5.535647025000000E+01    8.274623913384326E+03
                     1090    5.576045612500000E+01    8.289389912592411E+03
                     1100    5.628812262500000E+01    8.321491178843185E+03
                     1110    5.680428050000000E+01    8.305937121560071E+03
                     1120    5.733903837500000E+01    8.309118478175205E+03
                     1130    5.775549775000000E+01    8.280247296934818E+03
                     1140    5.823559887500000E+01    8.277599122593178E+03
                     1150    5.879095887500000E+01    8.249588448320748E+03
                     1160    5.930409337500000E+01    8.287295962661059E+03
                     1170    5.985221600000000E+01    8.308418600616622E+03
                     1180    6.037244387500000E+01    8.322358292247753E+03
                     1190    6.075995350000000E+01    8.260959677315643E+03
                     1200    6.126687087500000E+01    8.285554393058079E+03
                     1210    6.158941787500000E+01    8.333186303807448E+03
                     1220    6.208960687500000E+01    8.307989132892972E+03
                     1230    6.263034325000000E+01    8.323535515513437E+03
                     1240    6.314925475000000E+01    8.282574270454528E+03
                     1250    6.366609187500000E+01    8.269745424036459E+03
                     1260    6.411403237500001E+01    8.267330710026939E+03
                     1270    6.450141925000001E+01    8.267757042438850E+03
                     1280    6.501090812500000E+01    8.258390398995707E+03
                     1290    6.551263850000001E+01    8.243741045348186E+03
                     1300    6.597869675000001E+01    8.318349608298857E+03
                     1310    6.645450650000001E+01    8.316217120215624E+03
                     1320    6.701765437500001E+01    8.288661675250962E+03
                     1330    6.755631312500000E+01    8.240496498736324E+03
                     1340    6.807550387500001E+01    8.279104543956568E+03
                     1350    6.853588462500001E+01    8.261744927939231E+03
                     1360    6.903004600000000E+01    8.306679870278545E+03
                     1370    6.957572300000001E+01    8.275865347986371E+03
                     1380    6.997342387500001E+01    8.224079188394131E+03
                     1390    7.053420750000001E+01    8.280295702073221E+03
                     1400    7.105569787500001E+01    8.281575214639121E+03
                     1410    7.156620775000000E+01    8.295906480578244E+03
                     1420    7.194376912500000E+01    8.236096467693389E+03
                     1430    7.238602762500001E+01    8.282678123968422E+03
                     1440    7.289778125000001E+01    8.283423608159632E+03
                     1450    7.348734525000000E+01    8.279340338076252E+03
                     1460    7.404976050000000E+01    8.229810005518329E+03
                     1470    7.459594325000000E+01    8.233075702735716E+03
                     1480    7.506689687500001E+01    8.282232476300882E+03
                     1490    7.558241875000000E+01    8.268207021901000E+03
                     1500    7.602529312500000E+01    8.274029528522480E+03
                     1510    7.638546775000000E+01    8.221726275824654E+03
                     1520    7.687705287500000E+01    8.309661579406740E+03
                     1530    7.731703325000001E+01    8.307014225833131E+03
                     1540    7.783225937500001E+01    8.275937287023815E+03
                     1550    7.835260650000001E+01    8.310584440712228E+03
                     1560    7.889769075000001E+01    8.295875993487029E+03
                     1570    7.943283875000000E+01    8.293318826803355E+03
                     1580    7.995532800000001E+01    8.312741688535323E+03
                     1590    8.040502362500001E+01    8.300243783484262E+03
                     1600    8.092278237500001E+01    8.266955340796205E+03
                     1610    8.137922437500001E+01    8.279934475307396E+03
                     1620    8.172561537500000E+01    8.266853393892521E+03
                     1630    8.214108675000000E+01    8.270471587491309E+03
                     1640    8.256404437500001E+01    8.271428247532502E+03
                     1650    8.295717187500000E+01    8.304537493544267E+03
                     1660    8.335182050000000E+01    8.266510162875144E+03
                     1670    8.384138287500001E+01    8.241922222585759E+03
                     1680    8.425328762500000E+01    8.248831710726119E+03
                     1690    8.473784687500000E+01    8.275684952551495E+03
                     1700    8.526908287500001E+01    8.258073431193412E+03
                     1710    8.573174475000000E+01    8.280354355705938E+03
                     1720    8.625766312500001E+01    8.285143960461904E+03
                     1730    8.664371512500000E+01    8.265193666680771E+03
                     1740    8.706174712500001E+01    8.271216110687978E+03
                     1750    8.753461412500000E+01    8.311093728183228E+03
                     1760    8.801447775000001E+01    8.234600775997695E+03
                     1770    8.845328837500000E+01    8.265465803506249E+03
                     1780    8.892582787500001E+01    8.267611873694799E+03
                     1790    8.946123475000000E+01    8.284783849314506E+03
                     1800    8.999440150000001E+01    8.278195437477452E+03
                     1810    9.048310925000001E+01    8.311363591217359E+03
                     1820    9.100493200000001E+01    8.285640172097221E+03
                     1830    9.150634525000001E+01    8.304681821280145E+03
                     1840    9.197982787500001E+01    8.266258264771801E+03
                     1850    9.248405562500001E+01    8.242922036430531E+03
                     1860    9.299128100000000E+01    8.249010278184091E+03
                     1870    9.342319750000000E+01    8.282580189937693E+03
                     1880    9.398247400000001E+01    8.295846133607904E+03
                     1890    9.439282050000000E+01    8.258449304698679E+03
                     1900    9.484108100000000E+01    8.346151883032355E+03
                     1910    9.536831787500000E+01    8.316968003850727E+03
                     1920    9.589573750000001E+01    8.254037944500691E+03
                     1930    9.641547575000000E+01    8.345089236670079E+03
                     1940    9.698346700000000E+01    8.266425202349088E+03
                     1950    9.757341962500000E+01    8.250427242947258E+03
                     1960    9.818523450000001E+01    8.297507872381122E+03
                     1970    9.862108575000001E+01    8.274304883676061E+03
                     1980    9.919751550000001E+01    8.199415031241992E+03
                     1990    9.974457537500001E+01    8.298905731158371E+03
                     2000    1.002737692500000E+02    8.242303246270207E+03
                     2010    1.007974582500000E+02    8.232432621851265E+03
                     2020    1.013214522500000E+02    8.301676700516617E+03
                     2030    1.017952210000000E+02    8.297705846047436E+03
                     2040    1.023023782500000E+02    8.268173344104565E+03
                     2050    1.028645393750000E+02    8.223675014740831E+03
                     2060    1.033673637500000E+02    8.178953278003833E+03
                     2070    1.037434541250000E+02    8.161256492672843E+03
                     2080    1.042501140000000E+02    8.102879937177830E+03
                     2090    1.046607887500000E+02    8.101396033439889E+03
                     2100    1.051370528750000E+02    8.103449404166873E+03
                     2110    1.057052603750000E+02    8.106514569536908E+03
                     2120    1.061933306250000E+02    8.062834303794617E+03
                     2130    1.066994895000000E+02    8.077879679182997E+03
                     2140    1.071909701250000E+02    8.089678512781407E+03
                     2150    1.076116612500000E+02    8.156230736678248E+03
                     2160    1.081451362500000E+02    8.124590700774990E+03
                     2170    1.086015142500000E+02    8.109315698405052E+03
                     2180    1.090778993750000E+02    8.081968586583101E+03
                     2190    1.095866393750000E+02    8.104699526699454E+03
                     2200    1.100979883750000E+02    8.080928069445974E+03
                     2210    1.106513553750000E+02    8.087079315411564E+03
                     2220    1.111771425000000E+02    8.108464178820315E+03
                     2230    1.116947892500000E+02    8.116533880678551E+03
                     2240    1.121115822500000E+02    8.121508508764170E+03
                     2250    1.126189413750000E+02    8.139583485887562E+03
                     2260    1.131289987500000E+02    8.054552983395090E+03
                     2270    1.136615385000000E+02    8.059018634303058E+03
                     2280    1.141492571250000E+02    8.108809357938190E+03
                     2290    1.145748790000000E+02    8.099291788916733E+03
                     2300    1.150865098750000E+02    8.127298256524091E+03
                     2310    1.155829565000000E+02    8.093607423511685E+03
                     2320    1.160296792500000E+02    8.128843450561439E+03
                     2330    1.165510996250000E+02    8.121472071206830E+03
                     2340    1.169991702500000E+02    8.150933181042896E+03
                     2350    1.175328216250000E+02    8.149256920871898E+03
                     2360    1.179156875000000E+02    8.127049750983155E+03
                     2370    1.184652821250000E+02    8.073944129625891E+03
                     2380    1.189817071250000E+02    8.087341031233414E+03
                     2390    1.195133935000000E+02    8.092524279489118E+03
                     2400    1.200888996250000E+02    8.056147948777508E+03
                     2410    1.205507695000000E+02    8.078108271724097E+03
                     2420    1.210760790000000E+02    8.093062620001305E+03
                     2430    1.215690433750000E+02    8.103632578528652E+03
                     2440    1.221376515000000E+02    8.092564030688483E+03
                     2450    1.226214605000000E+02    8.085130024196691E+03
                     2460    1.231806553750000E+02    8.085867774940836E+03
                     2470    1.236322126250000E+02    8.103953652442785E+03
                     2480    1.241440478750000E+02    8.102972213043333E+03
                     2490    1.245794555000000E+02    8.081320377204103E+03
                     2500    1.250410217500000E+02    8.069494429817154E+03
                     2510    1.254868941250000E+02    8.065390855482908E+03
                     2520    1.260253271250000E+02    8.106171205744536E+03
                     2530    1.265934700000000E+02    8.065823410705717E+03
                     2540    1.271161266250000E+02    8.111166204793662E+03
                     2550    1.276293435000000E+02    8.120677426541088E+03
                     2560    1.281051658750000E+02    8.072408341541080E+03
                     2570    1.286340696250000E+02    8.119251856364035E+03
                     2580    1.291670858750000E+02    8.070552291980350E+03
                     2590    1.297073907500000E+02    8.091301663004711E+03
                     2600    1.302510490000000E+02    8.122751576423836E+03
                     2610    1.305712201250000E+02    8.079700961136793E+03
                     2620    1.310532022500000E+02    8.073214762552952E+03
                     2630    1.315495612500000E+02    8.107793644618576E+03
                     2640    1.319144360000000E+02    8.124723622879897E+03
                     2650    1.324592970000000E+02    8.082673361468759E+03
                     2660    1.329872017500000E+02    8.146458085773189E+03
                     2670    1.335597607500000E+02    8.116302581044454E+03
                     2680    1.340898943750000E+02    8.086336385209266E+03
                     2690    1.345693585000000E+02    8.089924190574769E+03
                     2700    1.351335115000000E+02    8.079281401715893E+03
                     2710    1.356557643750000E+02    8.141596665204071E+03
                     2720    1.360487046250000E+02    8.052198804683732E+03
                     2730    1.365178958750000E+02    8.077589382604150E+03
                     2740    1.370378316250000E+02    8.089871720034776E+03
                     2750    1.375633263750000E+02    8.097747378497876E+03
                     2760    1.380200518750000E+02    8.100833097915930E+03
                     2770    1.385612973750000E+02    8.114523744290782E+03
                     2780    1.389718798750000E+02    8.067481021166602E+03
                     2790    1.393911290000000E+02    8.089748376329841E+03
                     2800    1.399103610000000E+02    8.133004924232376E+03
                     2810    1.404420001250000E+02    8.138575622993419E+03
                     2820    1.409841883750000E+02    8.097733591534290E+03
                     2830    1.415212622500000E+02    8.068815883944544E+03
                     2840    1.420343027500000E+02    8.129287399421535E+03
                     2850    1.425401980000000E+02    8.109750088281464E+03
                     2860    1.429898182500000E+02    8.143737295385286E+03
                     2870    1.434759838750000E+02    8.133876638101165E+03
                     2880    1.439443183750000E+02    8.094919674679039E+03
                     2890    1.444582993750000E+02    8.100411403690352E+03
                     2900    1.449924346250000E+02    8.051460877277470E+03
                     2910    1.454652087500000E+02    8.135335590397769E+03
                     2920    1.460128832500000E+02    8.123382066460024E+03
                     2930    1.465449475000000E+02    8.113731902493176E+03
                     2940    1.471215863750000E+02    8.108571433085346E+03
                     2950    1.475977225000000E+02    8.059460823671368E+03
                     2960    1.481741791250000E+02    8.145220945618163E+03
                     2970    1.486592418750000E+02    8.088724385776950E+03
                     2980    1.492179458750000E+02    8.130959805477353E+03
                     2990    1.496931510000000E+02    8.121591643593423E+03
                     3000    1.501359050000000E+02    8.090878944597413E+03
                     3010    1.506928165000000E+02    8.089850221589179E+03
                     3020    1.512435298750000E+02    8.071490157511060E+03
                     3030    1.517572386250000E+02    8.110894334939077E+03
                     3040    1.523437847500000E+02    8.068047901664004E+03
                     3050    1.528895371250000E+02    8.113844439653601E+03
                     3060    1.533859015000000E+02    8.103595735946597E+03
                     3070    1.539097166250000E+02    8.071660915329947E+03
                     3080    1.544603746250000E+02    8.122820331110293E+03
                     3090    1.550386642500000E+02    8.021287500323191E+03
                     3100    1.555335858750000E+02    8.079368017870039E+03
                     3110    1.560193378750000E+02    8.153478684067539E+03
                     3120    1.565002840000000E+02    8.126583500508254E+03
                     3130    1.570003055000000E+02    8.069871504327470E+03
                     3140    1.574902178750000E+02    8.071085309853712E+03
                     3150    1.580475602500000E+02    8.080743031753944E+03
