#                 1000000                    lines
#       Iterationsschritt                     Zeit                <Fitness>
                        1    4.239002500000000E-01    4.485247978186271E+03
                       10    2.228564250000000E+00    3.397861635973396E+03
                       20    4.237521375000000E+00    1.510028469746328E+03
                       30    6.226056375000000E+00    1.170969855432513E+03
                       40    8.264249000000001E+00    1.090074255674337E+03
                       50    1.026770800000000E+01    1.030509838273435E+03
                       60    1.223665662500000E+01    1.005213038297191E+03
                       70    1.426355262500000E+01    9.850482985962454E+02
                       80    1.627822925000000E+01    9.725877133388922E+02
                       90    1.832627625000000E+01    9.485890136160482E+02
                      100    2.038423925000000E+01    9.330730779999283E+02
                      110    2.241886100000000E+01    9.155994920161625E+02
                      120    2.446391562500000E+01    9.170197600321668E+02
                      130    2.646606750000000E+01    9.097080128295938E+02
                      140    2.846912125000000E+01    8.770741386339560E+02
                      150    3.054178800000000E+01    8.784154784697243E+02
                      160    3.258250275000000E+01    8.557101219847184E+02
                      170    3.460750137500000E+01    8.614362159613952E+02
                      180    3.668116337500000E+01    8.559798667107998E+02
                      190    3.872689087500000E+01    8.626339726606464E+02
                      200    4.082664662500000E+01    8.565829721983013E+02
                      210    4.288982050000000E+01    8.482110451703368E+02
                      220    4.494090700000000E+01    8.442936988771294E+02
                      230    4.707818837500000E+01    8.327342123214861E+02
                      240    4.914083712500000E+01    8.343209540841289E+02
                      250    5.116498737500000E+01    8.337326564878754E+02
                      260    5.325018275000000E+01    8.399321390023122E+02
                      270    5.532840137500000E+01    8.471284670959539E+02
                      280    5.743349662500000E+01    8.525031512093523E+02
                      290    5.946885987500000E+01    8.495065468043074E+02
                      300    6.151941625000000E+01    8.390066191154556E+02
                      310    6.366462462500000E+01    8.280962858561286E+02
                      320    6.577571400000001E+01    8.274397152478624E+02
                      330    6.783742175000000E+01    8.223419312727738E+02
                      340    6.990379887500001E+01    8.310435347412397E+02
                      350    7.201698200000000E+01    8.213190747337433E+02
                      360    7.411312150000001E+01    8.235658777118039E+02
                      370    7.621938537500000E+01    8.210562211359022E+02
                      380    7.827797875000000E+01    8.187711828328501E+02
                      390    8.033502925000001E+01    8.204360764135921E+02
                      400    8.243230000000000E+01    8.148143476653986E+02
                      410    8.447940787500001E+01    8.183827771928735E+02
                      420    8.653150312500000E+01    8.272695747596437E+02
                      430    8.859295962500001E+01    8.273845752961920E+02
                      440    9.068737862499999E+01    8.311159577868597E+02
                      450    9.276238425000000E+01    8.123814961080725E+02
                      460    9.480222412500000E+01    8.299874007567196E+02
                      470    9.684227174999999E+01    8.315367406795007E+02
                      480    9.886290825000000E+01    8.412474791624950E+02
                      490    1.009127286250000E+02    8.221153384251481E+02
                      500    1.029897042500000E+02    8.382102347234331E+02
                      510    1.050518121250000E+02    8.447170911046474E+02
                      520    1.071129193750000E+02    8.260046713036797E+02
                      530    1.091618843750000E+02    8.421059534188946E+02
                      540    1.112428807500000E+02    8.370354173171804E+02
                      550    1.133811205000000E+02    8.167911500005812E+02
                      560    1.154365792500000E+02    8.250690800329603E+02
                      570    1.175167551250000E+02    8.171341711324837E+02
                      580    1.195692592500000E+02    8.198345427593933E+02
                      590    1.216281453750000E+02    8.217807304769204E+02
                      600    1.237202591250000E+02    8.092001871241544E+02
                      610    1.258053802500000E+02    8.103037268795196E+02
                      620    1.279159908750000E+02    8.105646393819115E+02
                      630    1.299972695000000E+02    8.150172835858359E+02
                      640    1.320760187500000E+02    8.178730130885745E+02
                      650    1.341382446250000E+02    8.280783405196354E+02
                      660    1.362774682500000E+02    8.212769226280432E+02
                      670    1.383294006250000E+02    8.236399068043429E+02
                      680    1.403929861250000E+02    8.088850545911766E+02
                      690    1.424886176250000E+02    8.286358355123388E+02
                      700    1.445461216250000E+02    8.315663260718808E+02
                      710    1.466117455000000E+02    8.390912091616049E+02
                      720    1.486270431250000E+02    8.309647960470809E+02
                      730    1.506273130000000E+02    8.297903188710961E+02
                      740    1.526568980000000E+02    8.249157315840117E+02
                      750    1.547143172500000E+02    8.284733534108674E+02
                      760    1.567734261250000E+02    8.114554587642897E+02
                      770    1.588364771250000E+02    8.320799712586233E+02
                      780    1.609237935000000E+02    8.334216158908919E+02
                      790    1.629549431250000E+02    8.283378309286861E+02
                      800    1.650259477500000E+02    8.332094515364233E+02
                      810    1.670850197500000E+02    8.303574255745218E+02
                      820    1.691197858750000E+02    8.235225052170031E+02
                      830    1.712325463750000E+02    8.143991544886615E+02
                      840    1.734458582500000E+02    8.149644109886068E+02
                      850    1.754871058750000E+02    8.266827310538026E+02
                      860    1.775828823750000E+02    8.404901938108674E+02
                      870    1.796414003750000E+02    8.416335523032574E+02
                      880    1.816655545000000E+02    8.451501145886032E+02
                      890    1.837107950000000E+02    8.372433967833524E+02
                      900    1.857272835000000E+02    8.321008301406808E+02
                      910    1.877832857500000E+02    8.391121206059834E+02
                      920    1.898773632500000E+02    8.328578940170432E+02
                      930    1.919167107500000E+02    8.358974457982054E+02
                      940    1.939458371250000E+02    8.366771327453396E+02
                      950    1.959901732500000E+02    8.414601146521857E+02
                      960    1.980070415000000E+02    8.463118450949013E+02
                      970    2.000685585000000E+02    8.355846743167865E+02
                      980    2.021062657500000E+02    8.309529079687534E+02
                      990    2.042078658750000E+02    8.257542892445240E+02
                     1000    2.062899878750000E+02    8.288978337754122E+02
                     1010    2.083502805000000E+02    8.181316104280523E+02
                     1020    2.104739763750000E+02    8.218853241311268E+02
                     1030    2.125787236250000E+02    8.301286733375687E+02
                     1040    2.146419080000000E+02    8.389053364384213E+02
                     1050    2.166749062500000E+02    8.332384406496689E+02
                     1060    2.187368293750000E+02    8.331983693981001E+02
                     1070    2.207627035000000E+02    8.441620549969913E+02
                     1080    2.227948298750000E+02    8.298639415502039E+02
                     1090    2.248613435000000E+02    8.184891802874041E+02
                     1100    2.268967011250000E+02    8.225790507710900E+02
                     1110    2.289758402500000E+02    8.168041440324173E+02
                     1120    2.310437285000000E+02    8.255921371893960E+02
                     1130    2.331487258750000E+02    8.158911954967368E+02
                     1140    2.353121887500000E+02    8.230177975384906E+02
                     1150    2.373788102500000E+02    8.195378327177689E+02
                     1160    2.394225278750000E+02    8.128134144435494E+02
                     1170    2.414794911250000E+02    8.224217453719459E+02
                     1180    2.435583026250000E+02    8.062408963463678E+02
                     1190    2.456708000000000E+02    8.110215724607845E+02
                     1200    2.478122357500000E+02    8.308569037639792E+02
                     1210    2.498781222500000E+02    8.242574326005731E+02
                     1220    2.520331948750000E+02    8.110932271223903E+02
                     1230    2.540679592500000E+02    8.360377089633216E+02
                     1240    2.561481481250000E+02    8.142561809422866E+02
                     1250    2.582184740000000E+02    8.166389560649861E+02
                     1260    2.603010681250000E+02    8.196623672082740E+02
                     1270    2.623365648750000E+02    8.304565671395708E+02
                     1280    2.643775546250000E+02    8.301353212116451E+02
                     1290    2.664182187500000E+02    8.354409341841479E+02
                     1300    2.685188196250000E+02    8.326628176602842E+02
                     1310    2.706143282500000E+02    8.219884061709060E+02
                     1320    2.727101542500000E+02    8.143962968928397E+02
                     1330    2.747682037500000E+02    8.028614531858416E+02
                     1340    2.768116553750000E+02    8.004597539100860E+02
                     1350    2.788989797500000E+02    8.088726881705127E+02
                     1360    2.809997770000000E+02    8.133071239510249E+02
                     1370    2.830905161250000E+02    8.229306031020452E+02
                     1380    2.851928506250000E+02    8.204756589629079E+02
                     1390    2.873242106250000E+02    8.145309152005622E+02
                     1400    2.894259131250000E+02    8.151497467753547E+02
                     1410    2.914660447500000E+02    8.192690186782188E+02
                     1420    2.934937617500000E+02    8.313758650236891E+02
                     1430    2.955618956250000E+02    8.157428784604706E+02
                     1440    2.976098332500000E+02    8.157360688652639E+02
                     1450    2.996491618750000E+02    8.111942463337498E+02
                     1460    3.017947593750000E+02    7.994731664681649E+02
                     1470    3.038334570000000E+02    8.161758567869565E+02
                     1480    3.058654576250000E+02    8.232850220909405E+02
                     1490    3.078988568750000E+02    8.163850386101558E+02
                     1500    3.099845911250000E+02    8.170943682527080E+02
                     1510    3.120265953750000E+02    8.266525090178545E+02
                     1520    3.141272801250000E+02    8.304254661383106E+02
                     1530    3.162062476250000E+02    8.433758789140473E+02
                     1540    3.182776276250000E+02    8.431084679922606E+02
                     1550    3.203693313750000E+02    8.425032077656480E+02
                     1560    3.224182808750000E+02    8.407136300167203E+02
                     1570    3.244640476250000E+02    8.386851070063751E+02
                     1580    3.265347298750000E+02    8.368190136624387E+02
                     1590    3.285778995000000E+02    8.299027600559873E+02
                     1600    3.306764970000000E+02    8.399835883547432E+02
                     1610    3.326893720000000E+02    8.459840451600414E+02
                     1620    3.347932633750000E+02    8.463272740904868E+02
                     1630    3.369576790000000E+02    8.374582956855402E+02
                     1640    3.389722211250000E+02    8.558457872263205E+02
                     1650    3.410579066250000E+02    8.670526366275501E+02
                     1660    3.430659322500000E+02    8.590512378065732E+02
                     1670    3.451540335000000E+02    8.513532386973671E+02
                     1680    3.472778493750000E+02    8.509824397859015E+02
                     1690    3.493595756250000E+02    8.285140161129075E+02
                     1700    3.514959092500000E+02    8.283804709095120E+02
                     1710    3.535406946250000E+02    8.337384028106376E+02
                     1720    3.556457085000000E+02    8.353305777409860E+02
                     1730    3.577496087500000E+02    8.244805327971158E+02
                     1740    3.598006901250000E+02    8.193303215417628E+02
                     1750    3.618668828750000E+02    8.197721306067863E+02
                     1760    3.639477728750000E+02    8.182685467838048E+02
                     1770    3.660442853750000E+02    8.225188123420306E+02
                     1780    3.681063348750000E+02    8.132386422930202E+02
                     1790    3.702152277500000E+02    8.184660912715647E+02
                     1800    3.723115831250000E+02    8.128600105273051E+02
                     1810    3.744243332500000E+02    8.088384463478531E+02
                     1820    3.764775007500000E+02    8.047870883418153E+02
                     1830    3.785951141250000E+02    8.200541502357484E+02
                     1840    3.806106891250000E+02    8.216050566731375E+02
                     1850    3.827244318750000E+02    8.204755190998347E+02
                     1860    3.847493383750000E+02    8.250666106739262E+02
                     1870    3.868831287500000E+02    8.310361350304138E+02
                     1880    3.889350951250000E+02    8.332046951931052E+02
                     1890    3.909500140000000E+02    8.292135146118735E+02
                     1900    3.931321618750000E+02    8.375767814196631E+02
                     1910    3.951824891250000E+02    8.244360908757185E+02
                     1920    3.972065296250000E+02    8.214317184050853E+02
                     1930    3.992920350000000E+02    8.368014328184108E+02
                     1940    4.012664938750000E+02    8.279042274286513E+02
                     1950    4.033369728750000E+02    8.062022427979473E+02
                     1960    4.054252118750000E+02    8.056693817977387E+02
                     1970    4.075046360000000E+02    8.224209791200681E+02
                     1980    4.096549235000000E+02    8.186803986542182E+02
                     1990    4.117411856250000E+02    8.079105200078045E+02
                     2000    4.138021236250000E+02    8.295342317117402E+02
                     2010    4.158821200000000E+02    8.424448921806350E+02
                     2020    4.179324785000000E+02    8.309803006233772E+02
                     2030    4.200948511250000E+02    8.100032239127845E+02
                     2040    4.222236603750000E+02    8.194308034906409E+02
                     2050    4.243274010000000E+02    8.086283476222110E+02
                     2060    4.264332408750000E+02    7.938388525201037E+02
                     2070    4.285400377500000E+02    8.030835029789305E+02
                     2080    4.306624047500000E+02    8.023219667862436E+02
                     2090    4.327880920000000E+02    7.944715359088940E+02
                     2100    4.348739323750000E+02    8.084778099348296E+02
                     2110    4.369489445000000E+02    7.956263246089845E+02
                     2120    4.391259151250000E+02    7.991329762360621E+02
                     2130    4.411657582500000E+02    8.197312364681854E+02
                     2140    4.432916197500000E+02    8.177028324037980E+02
                     2150    4.453246882500000E+02    8.174667005994893E+02
                     2160    4.473829323750000E+02    8.253576217379900E+02
                     2170    4.494677607500000E+02    8.202513089153847E+02
                     2180    4.515458501250000E+02    8.281102641279513E+02
                     2190    4.536183133750000E+02    8.196950167240220E+02
                     2200    4.556586922500000E+02    8.085960035766243E+02
                     2210    4.577111520000000E+02    8.071652378332130E+02
                     2220    4.597526677500000E+02    8.063510889410189E+02
                     2230    4.618065900000000E+02    8.099335732648321E+02
                     2240    4.638587426250000E+02    8.047517580976844E+02
                     2250    4.659314805000000E+02    8.103648177164349E+02
                     2260    4.679799505000000E+02    8.071927657914990E+02
                     2270    4.700482572500000E+02    8.145669929347733E+02
                     2280    4.721220502500000E+02    7.938083271800301E+02
                     2290    4.742356880000000E+02    7.875448341066929E+02
                     2300    4.762969043750000E+02    7.984691459764354E+02
                     2310    4.783688445000000E+02    7.926311139697744E+02
                     2320    4.804354986250000E+02    7.854071279268767E+02
                     2330    4.825203990000000E+02    7.896056800806225E+02
                     2340    4.846136076250000E+02    7.953412133558745E+02
                     2350    4.866364067500000E+02    8.205796654298017E+02
                     2360    4.886975570000000E+02    8.092331266344627E+02
                     2370    4.908043457500000E+02    8.082703047022210E+02
                     2380    4.928446592500000E+02    8.095411413347250E+02
                     2390    4.949487260000000E+02    8.036701892120823E+02
                     2400    4.970945715000000E+02    8.007661415496495E+02
                     2410    4.992439823750000E+02    8.255217275184881E+02
                     2420    5.013281831250000E+02    8.147121192020473E+02
                     2430    5.034071936250000E+02    8.002238934228872E+02
                     2440    5.054732247500000E+02    7.926921566438123E+02
                     2450    5.075443030000000E+02    8.034740108868582E+02
                     2460    5.096330578750000E+02    8.103443560875738E+02
                     2470    5.116952140000000E+02    8.051407973275300E+02
                     2480    5.137135060000001E+02    8.139202071846769E+02
                     2490    5.158621351250000E+02    8.245715894899474E+02
                     2500    5.179206177500000E+02    8.205500091214735E+02
                     2510    5.200000226250000E+02    8.121575053346720E+02
                     2520    5.220854901250000E+02    8.081811384989405E+02
                     2530    5.241496966250000E+02    8.144561390354406E+02
                     2540    5.262025871250000E+02    8.120658797538458E+02
                     2550    5.283168558750000E+02    7.978911652500290E+02
                     2560    5.304227105000000E+02    7.838096005067391E+02
                     2570    5.326284525000000E+02    7.890933969417634E+02
                     2580    5.347608917500000E+02    8.025333847708054E+02
                     2590    5.369422762500000E+02    7.964992769808471E+02
                     2600    5.390507018750000E+02    8.008590240065770E+02
                     2610    5.411879646249999E+02    7.947760612799106E+02
                     2620    5.433271955000000E+02    8.036915592259772E+02
                     2630    5.455083937500000E+02    8.070843451145646E+02
                     2640    5.475908140000000E+02    7.991305285599666E+02
                     2650    5.497294238750000E+02    8.041289116708741E+02
                     2660    5.518385708750000E+02    8.135461754735693E+02
                     2670    5.540209488750000E+02    8.186634590888859E+02
                     2680    5.560987265000000E+02    8.135648255350777E+02
                     2690    5.582310343750000E+02    8.086238208484249E+02
                     2700    5.603657836249999E+02    8.193231519050655E+02
                     2710    5.625015891250000E+02    8.019395486494566E+02
                     2720    5.646282323750000E+02    8.023370455213036E+02
                     2730    5.667277755000000E+02    8.070196382446388E+02
                     2740    5.688996600000000E+02    8.015038046795552E+02
                     2750    5.710358106250000E+02    8.020568763503443E+02
                     2760    5.732412348750000E+02    7.952401452614047E+02
                     2770    5.753342115000000E+02    8.029548238015399E+02
                     2780    5.774200893750000E+02    8.081820901382919E+02
                     2790    5.795096138750000E+02    8.081124022199444E+02
                     2800    5.815877441250000E+02    8.005115097705768E+02
                     2810    5.836234293750000E+02    8.180466831236263E+02
                     2820    5.856619265000000E+02    8.103451737402413E+02
                     2830    5.877567846250000E+02    8.075450177232669E+02
                     2840    5.897796088750000E+02    8.036378508075628E+02
                     2850    5.919262213750000E+02    8.036623857567329E+02
                     2860    5.939873226250000E+02    8.261911880041320E+02
                     2870    5.960234710000000E+02    8.148505517849976E+02
                     2880    5.981480095000001E+02    8.099547089803744E+02
                     2890    6.002107241250000E+02    8.117404868015695E+02
                     2900    6.022999783750000E+02    8.081578740516779E+02
                     2910    6.043171586250000E+02    8.147024547757421E+02
                     2920    6.063840306250000E+02    8.038634353810647E+02
                     2930    6.084880066250000E+02    8.094622707618091E+02
                     2940    6.105330702500000E+02    8.279873983365587E+02
                     2950    6.126023493750000E+02    8.265551932947717E+02
                     2960    6.146354253750000E+02    8.266817900313954E+02
                     2970    6.167199482500000E+02    8.283780467429906E+02
                     2980    6.188325823750000E+02    8.212401595805097E+02
                     2990    6.208857426250000E+02    8.165253948647976E+02
                     3000    6.229475915000000E+02    8.217781088764158E+02
                     3010    6.249989107500001E+02    8.097994880463822E+02
                     3020    6.271361961250000E+02    8.057512482307766E+02
                     3030    6.291957368750000E+02    8.010322220582382E+02
                     3040    6.312749470000000E+02    7.967054546920997E+02
                     3050    6.333313512500000E+02    7.901390256888844E+02
                     3060    6.354161582500000E+02    7.842971588978776E+02
                     3070    6.374823870000000E+02    7.884336142238105E+02
                     3080    6.395577401250000E+02    7.927967338257105E+02
                     3090    6.416300982499999E+02    7.784364501129432E+02
                     3100    6.437259011250000E+02    7.748263565154887E+02
                     3110    6.458174896250000E+02    7.814765099193296E+02
                     3120    6.479004770000000E+02    7.906204400304514E+02
                     3130    6.500554592500000E+02    7.912871589367528E+02
                     3140    6.521356093749999E+02    8.017260252803642E+02
                     3150    6.542374912499999E+02    8.082443001724356E+02
                     3160    6.563634145000000E+02    8.194538194012234E+02
                     3170    6.584377505000000E+02    8.071966529491426E+02
                     3180    6.604987858750000E+02    8.131151313145778E+02
                     3190    6.625683386250000E+02    8.123569410439131E+02
                     3200    6.646569381250000E+02    8.060534280223444E+02
                     3210    6.667579805000000E+02    8.047577802833257E+02
                     3220    6.688007626249999E+02    8.155571138138835E+02
                     3230    6.708782626250000E+02    8.247274943773689E+02
                     3240    6.729204431250000E+02    8.186360306239390E+02
                     3250    6.750676348750000E+02    8.139321579869460E+02
                     3260    6.771846573750000E+02    8.077718472603449E+02
                     3270    6.793452108750000E+02    8.111629157405976E+02
                     3280    6.815124966250000E+02    8.049035745136680E+02
                     3290    6.836125570000000E+02    8.052388580390132E+02
                     3300    6.856827541250000E+02    8.197421129894974E+02
                     3310    6.878010421250000E+02    8.048625646259509E+02
                     3320    6.898827411250001E+02    8.128455150538712E+02
                     3330    6.920309586250000E+02    8.144372618200114E+02
                     3340    6.940985168750000E+02    8.194280843590545E+02
                     3350    6.961906173750000E+02    8.171440361255019E+02
                     3360    6.982480332500000E+02    8.129605724091632E+02
                     3370    7.003555713750000E+02    8.217407873094909E+02
                     3380    7.024336131250000E+02    8.262629442055475E+02
                     3390    7.044980158750000E+02    8.175460366526719E+02
                     3400    7.065589265000000E+02    7.974278110289893E+02
                     3410    7.086236680000000E+02    8.038391524234021E+02
                     3420    7.107083720000001E+02    7.958654733960915E+02
                     3430    7.128057430000000E+02    8.040026669279196E+02
                     3440    7.149394851250000E+02    7.840701397044045E+02
                     3450    7.170054661250000E+02    8.062782526098074E+02
                     3460    7.190853222500000E+02    8.092325140235987E+02
                     3470    7.211833600000000E+02    8.067362713061414E+02
                     3480    7.232812181250000E+02    8.052243457145730E+02
                     3490    7.253470157500000E+02    8.083861917178592E+02
                     3500    7.274249250000000E+02    8.075719742053091E+02
                     3510    7.295418562500000E+02    7.886931630041308E+02
                     3520    7.317459320000000E+02    7.876559735381156E+02
                     3530    7.338359637500000E+02    8.010344667960640E+02
                     3540    7.359202493750000E+02    8.058970739760259E+02
                     3550    7.380236962500001E+02    7.994570530694034E+02
                     3560    7.401311582500000E+02    7.971241237787696E+02
                     3570    7.422045184999999E+02    8.018158985852001E+02
                     3580    7.443191181250000E+02    8.028878161335055E+02
                     3590    7.464242848750000E+02    7.871512424572712E+02
                     3600    7.484998132500000E+02    7.903890481926165E+02
                     3610    7.506324838750000E+02    7.903440365864392E+02
                     3620    7.527117486250000E+02    7.912503765331849E+02
                     3630    7.547993110000000E+02    7.938686099220088E+02
                     3640    7.568649287500000E+02    7.834812041195985E+02
                     3650    7.589588816250000E+02    7.956105256438691E+02
                     3660    7.610454686250000E+02    7.914383545861842E+02
                     3670    7.631107985000000E+02    8.091888016997052E+02
                     3680    7.652041346250001E+02    8.072714398896107E+02
                     3690    7.672686343750000E+02    8.202119380459594E+02
                     3700    7.693312846250000E+02    8.326681253898146E+02
                     3710    7.713811441250000E+02    8.313465658611419E+02
                     3720    7.734333031250000E+02    8.293855253284707E+02
                     3730    7.754664343749999E+02    8.074089419325803E+02
                     3740    7.775824753749999E+02    8.088154456501769E+02
                     3750    7.796513706250000E+02    8.051289674503873E+02
                     3760    7.816971285000000E+02    8.017860321192172E+02
                     3770    7.837729217500000E+02    7.919612776937736E+02
                     3780    7.858421920000000E+02    8.016824542609298E+02
                     3790    7.879323241250000E+02    7.939870138723794E+02
                     3800    7.900114851250000E+02    8.090873389534680E+02
                     3810    7.921209450000000E+02    8.064383246005767E+02
                     3820    7.941819937499999E+02    8.137758422901528E+02
                     3830    7.962464958750001E+02    8.101018326427836E+02
                     3840    7.982840781250000E+02    8.378866152378066E+02
                     3850    8.003355286250001E+02    8.293080645727703E+02
                     3860    8.024126395000000E+02    8.154735473113763E+02
                     3870    8.044611138750000E+02    8.145017287468443E+02
                     3880    8.065353696250000E+02    8.184520158491132E+02
                     3890    8.085572332500000E+02    8.271898713795426E+02
                     3900    8.105791930000000E+02    8.239772695575982E+02
                     3910    8.126757138750000E+02    8.192011295784837E+02
                     3920    8.147399932500000E+02    8.262720438273914E+02
                     3930    8.168528041250000E+02    8.101931247647367E+02
                     3940    8.189231422500000E+02    8.056701641198698E+02
                     3950    8.210325341250000E+02    7.979417934654568E+02
                     3960    8.231078170000000E+02    8.077766956771014E+02
                     3970    8.251785973750000E+02    8.020089188669181E+02
                     3980    8.272562787500000E+02    8.155878998517335E+02
                     3990    8.292878735000000E+02    8.170508635459717E+02
                     4000    8.313488886250000E+02    8.100465347944200E+02
                     4010    8.333737090000000E+02    8.208950853464833E+02
                     4020    8.354269713750000E+02    8.221772228546970E+02
                     4030    8.374706920000000E+02    8.249191242623310E+02
                     4040    8.394888311250000E+02    8.218555432039511E+02
                     4050    8.415374130000000E+02    8.252709352435272E+02
                     4060    8.435904813750000E+02    8.043148614312381E+02
                     4070    8.456264112500000E+02    8.195736295943765E+02
                     4080    8.476608627500000E+02    8.044817215156744E+02
                     4090    8.497261035000000E+02    8.256818607197832E+02
                     4100    8.518265511250000E+02    8.144511948905217E+02
                     4110    8.539015887500000E+02    7.968529375527778E+02
                     4120    8.560072557500000E+02    7.995825030781762E+02
                     4130    8.581600587500000E+02    7.918888825322301E+02
                     4140    8.602367283750000E+02    8.032780301549672E+02
                     4150    8.623009528750000E+02    8.088851770822489E+02
                     4160    8.643783475000000E+02    8.221760064545567E+02
                     4170    8.664469753750000E+02    8.140144392846926E+02
                     4180    8.685082093750000E+02    7.924458897340849E+02
                     4190    8.705894608750000E+02    7.809082049944773E+02
                     4200    8.726857970000000E+02    7.750662578852316E+02
                     4210    8.747692883750000E+02    7.974826185887418E+02
                     4220    8.768581451250000E+02    8.085222726773333E+02
                     4230    8.789267460000000E+02    8.180404068503874E+02
                     4240    8.809891092500000E+02    8.131465022492805E+02
                     4250    8.830511026250000E+02    8.195420855073645E+02
                     4260    8.851185732500001E+02    8.168916265523358E+02
                     4270    8.872204165000001E+02    8.088238649685750E+02
                     4280    8.892835000000000E+02    8.060094800875968E+02
                     4290    8.913491410000000E+02    8.157954999444087E+02
                     4300    8.934322565000000E+02    8.072254432528829E+02
                     4310    8.955801492500000E+02    8.068983839955705E+02
                     4320    8.976153685000000E+02    8.101377933866939E+02
                     4330    8.996692030000000E+02    8.138525332417452E+02
                     4340    9.017243118750000E+02    8.021826222982611E+02
                     4350    9.038160290000000E+02    8.188860429307409E+02
                     4360    9.059176266250000E+02    8.151289342752797E+02
                     4370    9.080033905000000E+02    8.246293222718534E+02
                     4380    9.100402501250001E+02    8.108554702860686E+02
                     4390    9.121055176249999E+02    8.102234411444990E+02
                     4400    9.142032915000000E+02    7.995831564843245E+02
                     4410    9.163528218750000E+02    7.953506301175819E+02
                     4420    9.184389575000000E+02    8.015562638984068E+02
                     4430    9.205542701250000E+02    7.920652467713958E+02
                     4440    9.226951602500000E+02    8.026317659352744E+02
                     4450    9.247718814999999E+02    8.043559055510518E+02
                     4460    9.268619116249999E+02    8.019840616303720E+02
                     4470    9.289433920000000E+02    8.064542759131407E+02
                     4480    9.310002385000000E+02    8.106519641239759E+02
                     4490    9.330784071250000E+02    8.061976622795979E+02
                     4500    9.351272216249999E+02    8.039239651176482E+02
                     4510    9.371991461250000E+02    8.167211272341824E+02
                     4520    9.392961486250000E+02    8.106024288333008E+02
                     4530    9.413572015000000E+02    8.107461991588859E+02
                     4540    9.433982265000000E+02    8.159335975533127E+02
                     4550    9.454415283750000E+02    8.162847901545910E+02
                     4560    9.475177263750001E+02    8.177509597637091E+02
                     4570    9.496055366250000E+02    8.000122485474371E+02
                     4580    9.516779146250000E+02    7.893606918641965E+02
                     4590    9.537941091250000E+02    7.920424489653805E+02
                     4600    9.558739171250000E+02    7.882964547946070E+02
                     4610    9.579673353749999E+02    7.749695013123575E+02
                     4620    9.600536586250000E+02    7.958911329041649E+02
                     4630    9.621342982500000E+02    7.913042791819605E+02
                     4640    9.641906513750000E+02    8.137990633078293E+02
                     4650    9.662697651250000E+02    8.183156542271344E+02
                     4660    9.683943275000000E+02    8.057207277099365E+02
                     4670    9.704779678750000E+02    7.968132590452475E+02
                     4680    9.726020938750000E+02    7.920803831109472E+02
                     4690    9.747924935000000E+02    8.056052432065883E+02
                     4700    9.769203420000000E+02    8.065922468569540E+02
                     4710    9.790260043750000E+02    8.130606378675476E+02
                     4720    9.810914668750000E+02    8.048358345543243E+02
                     4730    9.831790213750000E+02    7.950127534933511E+02
                     4740    9.852602541250000E+02    8.039530146703130E+02
                     4750    9.873202193750000E+02    8.034139160860429E+02
                     4760    9.893577495000000E+02    8.084691563201812E+02
                     4770    9.913981823750000E+02    8.281553558458488E+02
                     4780    9.934801541250000E+02    8.205208266316038E+02
                     4790    9.955508766250000E+02    8.162489496404935E+02
                     4800    9.976286400000000E+02    8.165817862656489E+02
                     4810    9.997211985000000E+02    8.056806393793888E+02
                     4820    1.001769183125000E+03    8.176410664633296E+02
                     4830    1.003803749125000E+03    8.065230054159795E+02
                     4840    1.005894757750000E+03    8.079542463314403E+02
                     4850    1.007955261625000E+03    8.110332948473271E+02
                     4860    1.010018999500000E+03    8.108098313552655E+02
                     4870    1.012067507625000E+03    7.911575536097803E+02
                     4880    1.014108860250000E+03    7.959399373422725E+02
                     4890    1.016195011875000E+03    8.006505964540977E+02
                     4900    1.018263420375000E+03    7.987692021704169E+02
                     4910    1.020382230250000E+03    7.947512250715530E+02
                     4920    1.022443385750000E+03    8.118613281165489E+02
                     4930    1.024488964750000E+03    8.134356784695384E+02
                     4940    1.026567054125000E+03    7.926435232908257E+02
                     4950    1.028649659250000E+03    7.805529469588264E+02
                     4960    1.030759820750000E+03    7.843333746579465E+02
                     4970    1.032847521750000E+03    7.881992946068857E+02
                     4980    1.034928641000000E+03    7.840830325430762E+02
                     4990    1.037033140875000E+03    7.932650510700506E+02
                     5000    1.039137033875000E+03    7.801246350035096E+02
                     5010    1.041248883875000E+03    7.997568774315929E+02
                     5020    1.043321946250000E+03    7.990276258669417E+02
                     5030    1.045381774250000E+03    8.098577085477832E+02
                     5040    1.047444718750000E+03    7.974023860244099E+02
                     5050    1.049516913750000E+03    8.111999006131455E+02
                     5060    1.051597874375000E+03    8.025281443249205E+02
                     5070    1.053705750000000E+03    8.013369176745584E+02
                     5080    1.055817072000000E+03    7.915212059968960E+02
                     5090    1.057888766750000E+03    7.936122575321444E+02
                     5100    1.059982727625000E+03    7.991628619064704E+02
                     5110    1.062053697000000E+03    8.050249764070836E+02
                     5120    1.064127026500000E+03    8.027915552715958E+02
                     5130    1.066198871500000E+03    8.129048386081529E+02
                     5140    1.068256399000000E+03    8.143840689308659E+02
                     5150    1.070312276375000E+03    8.075845979065018E+02
                     5160    1.072388347500000E+03    8.115418824665702E+02
                     5170    1.074466041625000E+03    8.083892001949381E+02
                     5180    1.076515795500000E+03    7.954498819747391E+02
                     5190    1.078624220125000E+03    8.074536429294201E+02
                     5200    1.080706120500000E+03    7.951677698072274E+02
                     5210    1.082773450750000E+03    7.859911265651632E+02
                     5220    1.084880595125000E+03    7.769755952586877E+02
                     5230    1.086987946375000E+03    7.783943917089957E+02
                     5240    1.089099051375000E+03    7.967627669956945E+02
                     5250    1.091196004750000E+03    7.884750555144194E+02
                     5260    1.093254131500000E+03    8.082990829607585E+02
                     5270    1.095350495250000E+03    8.048536272085853E+02
                     5280    1.097470349500000E+03    7.906300148174221E+02
                     5290    1.099600416750000E+03    8.087802530353897E+02
                     5300    1.101709655000000E+03    8.050954816647329E+02
                     5310    1.103791215625000E+03    8.061697427352076E+02
                     5320    1.105878013500000E+03    8.029100919876257E+02
                     5330    1.107982641625000E+03    8.106797857545639E+02
                     5340    1.110045869500000E+03    8.140633918685579E+02
                     5350    1.112111421000000E+03    8.014626064357923E+02
                     5360    1.114173559750000E+03    8.067761006598448E+02
                     5370    1.116247846750000E+03    8.059427042923855E+02
                     5380    1.118370077125000E+03    7.988748466818422E+02
                     5390    1.120473376250000E+03    8.124262765791611E+02
                     5400    1.122540767250000E+03    8.174945112457430E+02
                     5410    1.124629480250000E+03    8.020435493703185E+02
                     5420    1.126721477375000E+03    8.013519339145139E+02
                     5430    1.128806049750000E+03    8.068523125163871E+02
                     5440    1.130848117000000E+03    8.020620521162388E+02
                     5450    1.132933365000000E+03    8.095084559189174E+02
                     5460    1.134992262000000E+03    7.987548711496363E+02
                     5470    1.137106105500000E+03    8.079559664629114E+02
                     5480    1.139177552625000E+03    8.095939201279130E+02
                     5490    1.141229623000000E+03    8.168491818427810E+02
                     5500    1.143332868625000E+03    8.060746844662227E+02
                     5510    1.145418058875000E+03    8.179373090691163E+02
                     5520    1.147487100750000E+03    8.219601103733211E+02
                     5530    1.149550999375000E+03    8.336563895761134E+02
                     5540    1.151598592000000E+03    8.189915870012322E+02
                     5550    1.153668740250000E+03    8.070267872344170E+02
                     5560    1.155724876875000E+03    8.154095849928156E+02
                     5570    1.157794390125000E+03    8.247375065710103E+02
                     5580    1.159857283750000E+03    8.091133133726210E+02
                     5590    1.161920938875000E+03    7.977174973670042E+02
                     5600    1.164040032125000E+03    8.088408702918912E+02
                     5610    1.166096842500000E+03    8.121464742786936E+02
                     5620    1.168197739750000E+03    8.171216348504938E+02
                     5630    1.170267248250000E+03    8.255901632550608E+02
                     5640    1.172300089750000E+03    8.174971658251402E+02
                     5650    1.174359852000000E+03    8.272592445084663E+02
                     5660    1.176396083500000E+03    8.337228882476774E+02
                     5670    1.178457461625000E+03    8.407375588180041E+02
                     5680    1.180522319875000E+03    8.311716437956717E+02
                     5690    1.182589833250000E+03    8.240383310877294E+02
                     5700    1.184648149000000E+03    8.185062925452356E+02
                     5710    1.186718521750000E+03    8.215236591955659E+02
                     5720    1.188794180875000E+03    8.255178495556556E+02
                     5730    1.190859693625000E+03    8.304886387990509E+02
                     5740    1.192942683125000E+03    8.251068275434818E+02
                     5750    1.195069447750000E+03    8.221557740882549E+02
                     5760    1.197146024250000E+03    8.245206236640067E+02
                     5770    1.199212642750000E+03    8.083597421147593E+02
                     5780    1.201259867625000E+03    8.099099887781757E+02
                     5790    1.203325964250000E+03    8.123279893146295E+02
                     5800    1.205368507125000E+03    8.025317576509017E+02
                     5810    1.207440765875000E+03    8.039025103603506E+02
                     5820    1.209506685375000E+03    8.034375539863863E+02
                     5830    1.211603690000000E+03    7.995346651547397E+02
                     5840    1.213755225375000E+03    8.000022588151314E+02
                     5850    1.215854156750000E+03    7.985639163503652E+02
                     5860    1.217930350250000E+03    7.819539162520907E+02
                     5870    1.220003303250000E+03    7.801458698477988E+02
                     5880    1.222101445875000E+03    7.869126392834040E+02
                     5890    1.224191524875000E+03    7.984528589959765E+02
                     5900    1.226261481375000E+03    7.953820504999726E+02
                     5910    1.228341543875000E+03    7.888240657263771E+02
                     5920    1.230457178375000E+03    8.012983602513310E+02
                     5930    1.232513643625000E+03    8.038927577130144E+02
                     5940    1.234597852625000E+03    8.204674867421741E+02
                     5950    1.236644135000000E+03    8.176911554276273E+02
                     5960    1.238702939500000E+03    8.314111956316599E+02
                     5970    1.240757054125000E+03    8.177816977656685E+02
                     5980    1.242826015875000E+03    8.113811209279095E+02
                     5990    1.244893497000000E+03    8.134938748128949E+02
                     6000    1.246984261500000E+03    8.119282991865787E+02
                     6010    1.249065030375000E+03    8.136758170305974E+02
                     6020    1.251174862500000E+03    8.099095076727607E+02
                     6030    1.253243500625000E+03    8.195378565226538E+02
                     6040    1.255305575750000E+03    8.227698680933177E+02
                     6050    1.257388115125000E+03    8.292341673704236E+02
                     6060    1.259463530625000E+03    8.283311533386920E+02
                     6070    1.261545741750000E+03    8.239579239357297E+02
                     6080    1.263603911750000E+03    8.106966620085470E+02
                     6090    1.265735970625000E+03    8.166933591638100E+02
                     6100    1.267841905250000E+03    8.079762479665715E+02
                     6110    1.269922942375000E+03    8.008097084401168E+02
                     6120    1.271994540625000E+03    8.134745575869312E+02
                     6130    1.274104784375000E+03    8.182940754985309E+02
                     6140    1.276171440500000E+03    8.076198871100847E+02
                     6150    1.278249063625000E+03    8.220567371473305E+02
                     6160    1.280309804250000E+03    8.202904049301018E+02
                     6170    1.282395854000000E+03    8.203032105182943E+02
                     6180    1.284524125250000E+03    8.107363603565814E+02
                     6190    1.286606171750000E+03    8.075790887395722E+02
                     6200    1.288710401625000E+03    8.080226559613725E+02
                     6210    1.290784615750000E+03    7.977623145388612E+02
                     6220    1.292848098500000E+03    8.128961370077327E+02
                     6230    1.294963466625000E+03    8.023201350813374E+02
                     6240    1.297073847625000E+03    7.931409196893458E+02
                     6250    1.299179606875000E+03    7.993988257742390E+02
                     6260    1.301261546375000E+03    8.127334016279415E+02
                     6270    1.303366307250000E+03    8.058951080586680E+02
                     6280    1.305464742000000E+03    8.038893070528803E+02
                     6290    1.307541715875000E+03    7.997676579726945E+02
                     6300    1.309602901750000E+03    8.050356909560500E+02
                     6310    1.311689413875000E+03    7.969461838282667E+02
                     6320    1.313765396625000E+03    7.977205989838933E+02
                     6330    1.315822396375000E+03    8.075057380042072E+02
                     6340    1.317910288375000E+03    8.090330770315742E+02
                     6350    1.320009214250000E+03    8.113134965870597E+02
                     6360    1.322094668500000E+03    7.962064382241343E+02
                     6370    1.324191209125000E+03    7.875176161516066E+02
                     6380    1.326253691125000E+03    7.943948401072580E+02
                     6390    1.328349065625000E+03    7.868896125732253E+02
                     6400    1.330407095375000E+03    7.903224307116036E+02
                     6410    1.332495100500000E+03    7.812280652624315E+02
                     6420    1.334568666125000E+03    7.896630336636364E+02
                     6430    1.336633410250000E+03    8.006325273712882E+02
                     6440    1.338762093125000E+03    7.770767525382616E+02
                     6450    1.340860562750000E+03    7.841848935962610E+02
                     6460    1.342997249250000E+03    7.742392233368219E+02
                     6470    1.345192363625000E+03    7.797225836318681E+02
                     6480    1.347396587750000E+03    7.914424492651257E+02
                     6490    1.349622100625000E+03    7.992330708496929E+02
                     6500    1.351779470125000E+03    7.993378525570679E+02
                     6510    1.353960118000000E+03    7.904273633734215E+02
                     6520    1.356208057000000E+03    7.815592777579836E+02
                     6530    1.358376414750000E+03    7.947266608932090E+02
                     6540    1.360462876750000E+03    8.065092108996228E+02
                     6550    1.362583357625000E+03    8.011750139043818E+02
                     6560    1.364705880625000E+03    7.929251024789924E+02
                     6570    1.366813809375000E+03    7.824592178581128E+02
                     6580    1.369038671375000E+03    7.861657998321816E+02
                     6590    1.371257004125000E+03    8.033573509986227E+02
                     6600    1.373327721500000E+03    8.014716166619289E+02
                     6610    1.375414207375000E+03    7.844268367355317E+02
                     6620    1.377567700375000E+03    7.749266189020594E+02
                     6630    1.379769743000000E+03    7.961221715405068E+02
                     6640    1.381858080375000E+03    7.838313493436099E+02
                     6650    1.383934839875000E+03    7.787232540261537E+02
                     6660    1.386114874875000E+03    7.762986995120812E+02
                     6670    1.388180633000000E+03    7.846974655915822E+02
                     6680    1.390266530000000E+03    7.883126757035877E+02
                     6690    1.392312273625000E+03    7.740413540571701E+02
                     6700    1.394376434250000E+03    7.843006093611358E+02
                     6710    1.396438914375000E+03    7.840496017048914E+02
                     6720    1.398507911000000E+03    7.948313941302695E+02
                     6730    1.400597686000000E+03    7.933209898722466E+02
                     6740    1.402723311625000E+03    7.930767501879084E+02
                     6750    1.404852728625000E+03    7.890176433295344E+02
                     6760    1.406933962750000E+03    7.863756296473985E+02
                     6770    1.409028704625000E+03    7.710616731735257E+02
                     6780    1.411137601125000E+03    7.771601037248809E+02
                     6790    1.413229784250000E+03    7.887218196226131E+02
                     6800    1.415324795750000E+03    7.892371649092886E+02
                     6810    1.417427457500000E+03    7.866222359498081E+02
                     6820    1.419526410500000E+03    7.808085090668837E+02
                     6830    1.421713050625000E+03    8.005977829234453E+02
                     6840    1.423762887125000E+03    8.085032871150759E+02
                     6850    1.425913464000000E+03    8.042737719249774E+02
                     6860    1.428047627000000E+03    8.153946681931307E+02
                     6870    1.430181357250000E+03    8.160658728038264E+02
                     6880    1.432339993000000E+03    7.822382652904129E+02
                     6890    1.434496071000000E+03    7.890909218437187E+02
                     6900    1.436729988625000E+03    7.932847065624399E+02
                     6910    1.438826630875000E+03    8.026249670991449E+02
                     6920    1.440979218875000E+03    7.921387548636383E+02
                     6930    1.443130595750000E+03    8.113036302408427E+02
                     6940    1.445193447500000E+03    7.972764552477021E+02
                     6950    1.447277400250000E+03    7.973181451910941E+02
                     6960    1.449400376750000E+03    7.865956510604399E+02
                     6970    1.451506044500000E+03    7.953313025387567E+02
                     6980    1.453568142750000E+03    7.838633330073673E+02
                     6990    1.455670748250000E+03    7.850966781371558E+02
                     7000    1.457767323250000E+03    7.845933650118520E+02
                     7010    1.459918589875000E+03    8.051407961119035E+02
                     7020    1.462069645875000E+03    8.033766509312579E+02
                     7030    1.464224343875000E+03    7.869652469795685E+02
                     7040    1.466334089250000E+03    7.831833453356154E+02
                     7050    1.468402564375000E+03    7.852065241877972E+02
                     7060    1.470546290875000E+03    7.927378939922802E+02
                     7070    1.472681762500000E+03    7.900028003490638E+02
                     7080    1.474790862375000E+03    7.846950049028447E+02
                     7090    1.476987139625000E+03    7.906597678703623E+02
                     7100    1.479189299625000E+03    7.866736457601276E+02
                     7110    1.481294497125000E+03    7.984859051805137E+02
                     7120    1.483411790375000E+03    7.784140354632035E+02
                     7130    1.485509298625000E+03    7.594826908372223E+02
                     7140    1.487698803125000E+03    7.637062345374762E+02
                     7150    1.489859774500000E+03    7.570817621601711E+02
                     7160    1.492001982625000E+03    7.646995563005014E+02
                     7170    1.494137692375000E+03    7.652295100033870E+02
                     7180    1.496236410500000E+03    7.959133951847455E+02
                     7190    1.498311451250000E+03    7.931888462511361E+02
                     7200    1.500399882625000E+03    7.834811408678570E+02
                     7210    1.502597905500000E+03    7.830013482671091E+02
                     7220    1.504759782625000E+03    8.056224837047703E+02
                     7230    1.506862464000000E+03    8.061323033946192E+02
                     7240    1.508970315375000E+03    7.986400935972886E+02
                     7250    1.511061517125000E+03    7.977760843310074E+02
                     7260    1.513128736875000E+03    7.946396072090578E+02
                     7270    1.515239776500000E+03    7.955797271173877E+02
                     7280    1.517325790500000E+03    7.902069696734156E+02
                     7290    1.519381720250000E+03    7.978966923505748E+02
                     7300    1.521482769625000E+03    8.038511133362288E+02
                     7310    1.523606460750000E+03    7.957228793631120E+02
                     7320    1.525722952750000E+03    7.968673278121305E+02
                     7330    1.527828983375000E+03    7.906520910097469E+02
                     7340    1.529974693750000E+03    7.725388620760691E+02
                     7350    1.532077960000000E+03    7.808420495040391E+02
                     7360    1.534161603625000E+03    7.940861692328738E+02
                     7370    1.536273326000000E+03    7.885830246307681E+02
                     7380    1.538514149000000E+03    7.814995287511338E+02
                     7390    1.540703645125000E+03    7.887974990033181E+02
                     7400    1.542804859250000E+03    7.967143844780913E+02
                     7410    1.544879714500000E+03    8.076422757977934E+02
                     7420    1.546954842750000E+03    7.943940493409468E+02
                     7430    1.549014871125000E+03    7.901088901662520E+02
                     7440    1.551131342625000E+03    7.906707162556854E+02
                     7450    1.553212313125000E+03    7.963066372085482E+02
                     7460    1.555286432125000E+03    7.896188019291809E+02
                     7470    1.557374564625000E+03    7.887879825449384E+02
                     7480    1.559465991625000E+03    7.978300749674120E+02
                     7490    1.561502247625000E+03    7.900309431554249E+02
                     7500    1.563628146000000E+03    7.992865353982038E+02
                     7510    1.565758616000000E+03    7.880431868293654E+02
                     7520    1.567951938625000E+03    7.937881813915637E+02
                     7530    1.570061532875000E+03    7.911592317775073E+02
                     7540    1.572254634750000E+03    7.820231852722928E+02
                     7550    1.574427635125000E+03    7.911547844881466E+02
                     7560    1.576492375875000E+03    8.042764348501444E+02
                     7570    1.578673221250000E+03    8.045254929126078E+02
                     7580    1.580757155500000E+03    7.997642499927978E+02
                     7590    1.582825537875000E+03    8.046749050897652E+02
                     7600    1.584852114875000E+03    8.089318179502814E+02
                     7610    1.587026670125000E+03    8.032428811959930E+02
                     7620    1.589074916750000E+03    7.898612166717230E+02
                     7630    1.591181720625000E+03    7.866575669854485E+02
                     7640    1.593272380125000E+03    7.924116798203064E+02
                     7650    1.595390276750000E+03    7.915520085537606E+02
                     7660    1.597461537375000E+03    7.935829714640890E+02
                     7670    1.599589774500000E+03    8.077440797625354E+02
                     7680    1.601680280000000E+03    8.182905505259343E+02
                     7690    1.603755678500000E+03    8.089386019107634E+02
                     7700    1.605830322500000E+03    8.014401957752175E+02
                     7710    1.607948658000000E+03    7.879954867223539E+02
                     7720    1.610038805375000E+03    7.683682335415692E+02
                     7730    1.612121660375000E+03    7.716621214742456E+02
                     7740    1.614186166625000E+03    7.809178895678695E+02
                     7750    1.616399248875000E+03    7.803130500066928E+02
                     7760    1.618493312125000E+03    7.821271886164870E+02
                     7770    1.620620437750000E+03    7.952790630310199E+02
                     7780    1.622778943250000E+03    7.829292720485312E+02
                     7790    1.625010066750000E+03    7.787457843289649E+02
                     7800    1.627219424125000E+03    7.690547766203357E+02
                     7810    1.629385647375000E+03    7.698595483540537E+02
                     7820    1.631523486750000E+03    7.758991111604220E+02
                     7830    1.633726403000000E+03    7.761752055683473E+02
                     7840    1.635849634000000E+03    7.835274621962399E+02
                     7850    1.637955534500000E+03    7.825748469673376E+02
                     7860    1.640029906500000E+03    7.784002527440496E+02
                     7870    1.642120454500000E+03    7.775926246914189E+02
                     7880    1.644265415500000E+03    7.801129973079813E+02
                     7890    1.646387847125000E+03    8.000857781570475E+02
                     7900    1.648530433125000E+03    8.011532459444832E+02
                     7910    1.650610553375000E+03    8.090782494108574E+02
                     7920    1.652742441125000E+03    7.960773758407711E+02
                     7930    1.654975383250000E+03    7.888957102041933E+02
                     7940    1.657116910000000E+03    7.963663404585093E+02
                     7950    1.659259705125000E+03    7.914000931721133E+02
                     7960    1.661472373250000E+03    8.014213373572672E+02
                     7970    1.663566547625000E+03    7.983770712632370E+02
                     7980    1.665809375375000E+03    7.928893533111918E+02
                     7990    1.667957539500000E+03    8.127866863980953E+02
                     8000    1.670178997625000E+03    7.889491832197758E+02
                     8010    1.672358251500000E+03    7.819674983583132E+02
                     8020    1.674464665750000E+03    7.809448557350947E+02
                     8030    1.676576982875000E+03    7.753743667309413E+02
                     8040    1.678696756375000E+03    7.899710092092864E+02
                     8050    1.680787433500000E+03    7.805021489307028E+02
                     8060    1.682907710375000E+03    7.794835406156690E+02
                     8070    1.685025914125000E+03    7.741829667055863E+02
                     8080    1.687228248125000E+03    7.719972546958850E+02
                     8090    1.689331767000000E+03    7.681865677371421E+02
                     8100    1.691431214000000E+03    7.663219491465284E+02
                     8110    1.693530414000000E+03    7.724603632555632E+02
                     8120    1.695613761625000E+03    7.798892018823229E+02
                     8130    1.697664831375000E+03    7.907072304297524E+02
                     8140    1.699809130625000E+03    7.837127326969650E+02
                     8150    1.701947719250000E+03    7.742182662234513E+02
                     8160    1.704038134375000E+03    7.815697124496919E+02
                     8170    1.706105960375000E+03    7.970601324445724E+02
                     8180    1.708179605125000E+03    7.948838619644071E+02
                     8190    1.710271368250000E+03    8.061889414887748E+02
                     8200    1.712356909875000E+03    8.127045666251262E+02
                     8210    1.714415901625000E+03    7.963528976448777E+02
                     8220    1.716521047875000E+03    8.150616092068801E+02
                     8230    1.718611530375000E+03    8.112899984259295E+02
                     8240    1.720724448875000E+03    7.966827742691922E+02
                     8250    1.722829219875000E+03    7.877403991137985E+02
                     8260    1.725011371750000E+03    7.864156307597685E+02
                     8270    1.727169616750000E+03    7.925761849359528E+02
                     8280    1.729324882250000E+03    7.886143107607732E+02
                     8290    1.731416928375000E+03    7.918637831729661E+02
                     8300    1.733534266125000E+03    7.930019112731136E+02
                     8310    1.735634397750000E+03    7.904127129981337E+02
                     8320    1.737798929875000E+03    7.890055497998405E+02
                     8330    1.739893844375000E+03    8.071115037111128E+02
                     8340    1.741957434000000E+03    8.095269748867561E+02
                     8350    1.744035837750000E+03    8.085136349075137E+02
                     8360    1.746119735375000E+03    8.061240238429053E+02
                     8370    1.748294214875000E+03    8.001929588443170E+02
                     8380    1.750398514625000E+03    7.914346438431949E+02
                     8390    1.752518774625000E+03    7.952008823103303E+02
                     8400    1.754603419750000E+03    7.887197806745061E+02
                     8410    1.756707344750000E+03    8.028182777559016E+02
                     8420    1.758793859500000E+03    8.024802591935379E+02
                     8430    1.760836770750000E+03    8.096513008225166E+02
                     8440    1.762915653125000E+03    8.143008106244985E+02
                     8450    1.764967513000000E+03    8.149255590641540E+02
                     8460    1.767047404125000E+03    7.999739820902262E+02
                     8470    1.769128750500000E+03    7.824933748047191E+02
                     8480    1.771242699750000E+03    7.854362639461172E+02
                     8490    1.773316173250000E+03    7.981341968236978E+02
                     8500    1.775406018750000E+03    7.956184356659915E+02
                     8510    1.777477121250000E+03    7.998944846407710E+02
                     8520    1.779542718625000E+03    7.854587620404607E+02
                     8530    1.781664033750000E+03    8.004798086436401E+02
                     8540    1.783707684750000E+03    8.060204963595301E+02
                     8550    1.785846603250000E+03    7.949021487853195E+02
                     8560    1.787926806500000E+03    7.980366524753641E+02
                     8570    1.790049340625000E+03    8.012661507915984E+02
                     8580    1.792111364750000E+03    8.035868524915028E+02
                     8590    1.794187263125000E+03    8.008920014731266E+02
                     8600    1.796261118625000E+03    7.959061186706205E+02
                     8610    1.798327960750000E+03    7.898730849935801E+02
                     8620    1.800367783625000E+03    7.907480483756316E+02
                     8630    1.802423404250000E+03    7.854215443954138E+02
                     8640    1.804468880250000E+03    7.782977219335538E+02
                     8650    1.806532406625000E+03    7.852649821624366E+02
                     8660    1.808592707000000E+03    7.918660123379361E+02
                     8670    1.810661229500000E+03    7.841818758739230E+02
                     8680    1.812799224500000E+03    7.880127374873256E+02
                     8690    1.814917246500000E+03    8.100502588521797E+02
                     8700    1.817013168375000E+03    8.045773239420218E+02
                     8710    1.819116426750000E+03    8.028447714103746E+02
                     8720    1.821176490625000E+03    7.986870520333005E+02
                     8730    1.823262183750000E+03    8.004294354801086E+02
                     8740    1.825393866000000E+03    8.063030118740086E+02
                     8750    1.827478640375000E+03    7.926620679206071E+02
                     8760    1.829560439375000E+03    8.056053429476451E+02
                     8770    1.831613117625000E+03    8.066637183679799E+02
                     8780    1.833693833625000E+03    7.864769484863234E+02
                     8790    1.835788408375000E+03    8.100732709063202E+02
                     8800    1.837898757750000E+03    7.967711611840142E+02
                     8810    1.839930903250000E+03    8.129322717206413E+02
                     8820    1.842015513125000E+03    8.150082917890895E+02
                     8830    1.844097597250000E+03    8.091671697078767E+02
                     8840    1.846148728750000E+03    8.281167753383301E+02
                     8850    1.848273141875000E+03    8.017881925502306E+02
                     8860    1.850358728375000E+03    8.044398547156711E+02
                     8870    1.852481613875000E+03    7.882552495376151E+02
                     8880    1.854549349750000E+03    7.916742973026189E+02
                     8890    1.856673163500000E+03    7.813885024815067E+02
                     8900    1.858795091500000E+03    7.940655192041099E+02
                     8910    1.860905138875000E+03    7.853263243136778E+02
                     8920    1.863009341375000E+03    7.887429042374813E+02
                     8930    1.865062131875000E+03    8.048250657540098E+02
                     8940    1.867127732375000E+03    7.967345197212212E+02
                     8950    1.869192618000000E+03    8.038415556107202E+02
                     8960    1.871286640375000E+03    8.057767911323635E+02
                     8970    1.873393767750000E+03    7.957090546621276E+02
                     8980    1.875496835750000E+03    8.028326649131833E+02
                     8990    1.877580322250000E+03    8.020532444242367E+02
                     9000    1.879679535000000E+03    7.903784926283255E+02
                     9010    1.881745993125000E+03    7.913547491806504E+02
                     9020    1.883809040250000E+03    7.811217884333616E+02
                     9030    1.885856446625000E+03    7.939681051670132E+02
                     9040    1.887953062750000E+03    7.926072660725999E+02
                     9050    1.890043066625000E+03    7.963284027795817E+02
                     9060    1.892123541125000E+03    7.760832985035915E+02
                     9070    1.894250089750000E+03    7.790664995205502E+02
                     9080    1.896354386750000E+03    7.781239182507818E+02
                     9090    1.898465150125000E+03    7.941671947893281E+02
                     9100    1.900580862500000E+03    7.809364896214539E+02
                     9110    1.902674413000000E+03    7.824526715635678E+02
                     9120    1.904774580500000E+03    7.835549604009796E+02
                     9130    1.906855556000000E+03    7.818965366677922E+02
                     9140    1.908949966250000E+03    7.830750209597148E+02
                     9150    1.911011348375000E+03    7.881003110900435E+02
                     9160    1.913111016250000E+03    7.788343980727393E+02
                     9170    1.915210614000000E+03    7.723427594999359E+02
                     9180    1.917283770250000E+03    7.794961983614530E+02
                     9190    1.919365969625000E+03    7.840307585577567E+02
                     9200    1.921395886000000E+03    8.061343028803469E+02
                     9210    1.923469510125000E+03    7.891205609502688E+02
                     9220    1.925574308250000E+03    7.896841300077209E+02
                     9230    1.927669249500000E+03    7.879372772771329E+02
                     9240    1.929755980000000E+03    7.921494395490527E+02
                     9250    1.931851722125000E+03    7.992908771762657E+02
                     9260    1.933928543000000E+03    7.871283353863191E+02
                     9270    1.936031485750000E+03    7.897467217599140E+02
                     9280    1.938126930625000E+03    8.086257976084039E+02
                     9290    1.940226498375000E+03    8.034483731096365E+02
                     9300    1.942312491125000E+03    7.971060991733095E+02
                     9310    1.944399333500000E+03    7.990887147210528E+02
                     9320    1.946506814375000E+03    7.928197831872902E+02
                     9330    1.948603334000000E+03    7.919944819260145E+02
                     9340    1.950750872500000E+03    7.886665253004303E+02
                     9350    1.952835232250000E+03    8.008651944462456E+02
                     9360    1.954919348750000E+03    7.920839160893697E+02
                     9370    1.957005161625000E+03    7.963239716714156E+02
                     9380    1.959119188625000E+03    7.990020720522374E+02
                     9390    1.961196974250000E+03    7.814850868993233E+02
                     9400    1.963267455250000E+03    7.799019997423032E+02
                     9410    1.965340114375000E+03    7.760070783559962E+02
                     9420    1.967419129500000E+03    7.892614538878083E+02
                     9430    1.969618196625000E+03    7.850774143610829E+02
                     9440    1.971708016500000E+03    7.870725877874520E+02
                     9450    1.973786233750000E+03    7.820771061106543E+02
                     9460    1.975848494750000E+03    7.887168929092425E+02
                     9470    1.977907868500000E+03    7.903391922841284E+02
                     9480    1.979949692375000E+03    8.022172972533344E+02
                     9490    1.982020649250000E+03    7.979367868260513E+02
                     9500    1.984096018625000E+03    7.973783327871658E+02
                     9510    1.986161617750000E+03    8.098114607851160E+02
                     9520    1.988255903250000E+03    7.898297228483682E+02
                     9530    1.990365548375000E+03    8.099223646115944E+02
                     9540    1.992446617125000E+03    8.070330294453397E+02
                     9550    1.994484773750000E+03    8.077802256812007E+02
                     9560    1.996585414500000E+03    8.073253239492176E+02
                     9570    1.998672559000000E+03    8.065641591987243E+02
                     9580    2.000724273625000E+03    8.067769495533944E+02
                     9590    2.002811583500000E+03    8.060447679196338E+02
                     9600    2.004923860000000E+03    7.944196077404922E+02
                     9610    2.007026761250000E+03    7.902546077965018E+02
                     9620    2.009109103750000E+03    7.960608218404795E+02
                     9630    2.011173407125000E+03    7.991374130687207E+02
                     9640    2.013272441125000E+03    8.047101039635534E+02
                     9650    2.015355762750000E+03    7.866914154370438E+02
                     9660    2.017499652125000E+03    7.774998934498396E+02
                     9670    2.019605682000000E+03    7.891411071493369E+02
                     9680    2.021699518750000E+03    7.867340343604740E+02
                     9690    2.023761261000000E+03    7.996736135423985E+02
                     9700    2.025887558750000E+03    7.790930176864395E+02
                     9710    2.027989599750000E+03    7.879414972275958E+02
                     9720    2.030073384375000E+03    7.901269258454834E+02
                     9730    2.032165033250000E+03    7.924367778182651E+02
                     9740    2.034287996000000E+03    7.945029033367684E+02
                     9750    2.036339251625000E+03    8.003210936019552E+02
                     9760    2.038467651125000E+03    8.001294590511253E+02
                     9770    2.040581000625000E+03    7.996788037882043E+02
                     9780    2.042728487125000E+03    7.923224097542301E+02
                     9790    2.044792464125000E+03    7.905391043494674E+02
                     9800    2.046861797625000E+03    8.069815568350887E+02
                     9810    2.048974303375000E+03    8.040181580016936E+02
                     9820    2.051074704875000E+03    7.994932200931152E+02
                     9830    2.053166836500000E+03    7.978940087947834E+02
                     9840    2.055231636625000E+03    7.998640644825027E+02
                     9850    2.057302432000000E+03    7.990569250537687E+02
                     9860    2.059408118750000E+03    8.009949152779081E+02
                     9870    2.061515989625000E+03    7.894254028620830E+02
                     9880    2.063580847875000E+03    7.955516799505895E+02
                     9890    2.065714021625000E+03    8.092598682768231E+02
                     9900    2.067775139250000E+03    8.014490835546015E+02
                     9910    2.069886077125000E+03    7.912995221317274E+02
                     9920    2.071947365125000E+03    8.021462188087411E+02
                     9930    2.074003394375000E+03    8.000941396803901E+02
                     9940    2.076110376750000E+03    8.025165165918843E+02
                     9950    2.078164174375000E+03    7.878038442807890E+02
                     9960    2.080249517000000E+03    7.800105971195110E+02
                     9970    2.082333871625000E+03    7.865661114232825E+02
                     9980    2.084414137250000E+03    7.880266081498903E+02
                     9990    2.086472198750000E+03    8.017347530731047E+02
                    10000    2.088541850250000E+03    7.962051927040884E+02
                    10010    2.090607203375000E+03    8.012035041519343E+02
                    10020    2.092700997625000E+03    7.937177532269884E+02
                    10030    2.094743048250000E+03    7.966620873468194E+02
                    10040    2.096777160375000E+03    8.029619134038614E+02
                    10050    2.098839526625000E+03    7.975479741871955E+02
                    10060    2.100950910000000E+03    7.901475559030666E+02
                    10070    2.103018951375000E+03    7.908977376794944E+02
                    10080    2.105081224000000E+03    7.881355653069290E+02
                    10090    2.107214122625000E+03    7.895492670100632E+02
                    10100    2.109285447875000E+03    7.933036099751909E+02
                    10110    2.111415183625000E+03    7.850902072159504E+02
                    10120    2.113513242375000E+03    7.797197123368237E+02
                    10130    2.115599138875000E+03    7.777386196387811E+02
                    10140    2.117675558500000E+03    7.760421377354912E+02
                    10150    2.119738694750000E+03    7.740517430136272E+02
                    10160    2.121817585625000E+03    7.751699327698369E+02
                    10170    2.123914935625000E+03    7.774560349736693E+02
                    10180    2.125987481250000E+03    7.769096286752576E+02
                    10190    2.128080452250000E+03    7.888703037972384E+02
                    10200    2.130143999750000E+03    7.938822855157141E+02
                    10210    2.132259176125000E+03    7.911633504685572E+02
                    10220    2.134349917375000E+03    7.958994108202260E+02
                    10230    2.136426318000000E+03    7.909401431942641E+02
                    10240    2.138536060125000E+03    8.086861731382500E+02
                    10250    2.140597661000000E+03    8.064600763218962E+02
                    10260    2.142674532750000E+03    8.145315731910569E+02
                    10270    2.144760061125000E+03    8.078431581136630E+02
                    10280    2.146833636625000E+03    8.272813718194066E+02
                    10290    2.148897674000000E+03    8.128899226454249E+02
                    10300    2.150966683250000E+03    8.162750064438040E+02
                    10310    2.153012305625000E+03    8.188020069729857E+02
                    10320    2.155119152000000E+03    8.187522642360559E+02
                    10330    2.157169133125000E+03    8.053351579030676E+02
                    10340    2.159216449500000E+03    8.125508196002532E+02
                    10350    2.161311245250000E+03    8.118643464547354E+02
                    10360    2.163369120625000E+03    8.133535006651362E+02
                    10370    2.165425901875000E+03    7.879130659594138E+02
                    10380    2.167532434875000E+03    7.877386032330450E+02
                    10390    2.169637597750000E+03    7.931584732325299E+02
                    10400    2.171724925250000E+03    7.907142604860156E+02
                    10410    2.173852139000000E+03    7.927302973638201E+02
                    10420    2.175961292375000E+03    7.945725427051041E+02
                    10430    2.178026118125000E+03    8.104654577281547E+02
                    10440    2.180069500000000E+03    7.982832931792996E+02
                    10450    2.182117255000000E+03    7.967768236726240E+02
                    10460    2.184214316500000E+03    8.067141571054867E+02
                    10470    2.186292461625000E+03    7.951822178549248E+02
                    10480    2.188413964250000E+03    7.906472930110037E+02
                    10490    2.190499634125000E+03    7.968215231674953E+02
                    10500    2.192552824875000E+03    8.155173739213144E+02
                    10510    2.194623265125000E+03    8.072658903476849E+02
                    10520    2.196701003750000E+03    8.080236788937586E+02
                    10530    2.198755975375000E+03    8.211227833603732E+02
                    10540    2.200825350625000E+03    8.187694817413313E+02
                    10550    2.202856897500000E+03    8.190767896259633E+02
                    10560    2.204909586875000E+03    8.158959208452829E+02
                    10570    2.206984788250000E+03    8.186736343462970E+02
                    10580    2.209030517750000E+03    8.003025334403385E+02
                    10590    2.211113134750000E+03    7.901764418069145E+02
                    10600    2.213197872625000E+03    7.867383499759553E+02
                    10610    2.215354626250000E+03    7.846997156720753E+02
                    10620    2.217413289000000E+03    7.857407390213663E+02
                    10630    2.219504026125000E+03    7.907640786227198E+02
                    10640    2.221610306625000E+03    8.049155209097430E+02
                    10650    2.223665070250000E+03    8.064541456956974E+02
                    10660    2.225731042625000E+03    8.114813780273404E+02
                    10670    2.227810254500000E+03    7.977910119171970E+02
                    10680    2.229866651625000E+03    8.009399696496947E+02
                    10690    2.231978476750000E+03    8.046829809458145E+02
                    10700    2.234026688750000E+03    8.137631118667839E+02
                    10710    2.236117837625000E+03    8.142222935126515E+02
                    10720    2.238217364500000E+03    8.131460414238562E+02
                    10730    2.240343778125000E+03    8.013535811604953E+02
                    10740    2.242423009500000E+03    7.933337173398479E+02
                    10750    2.244510490000000E+03    8.116224739325182E+02
                    10760    2.246570925500000E+03    8.031215642808340E+02
                    10770    2.248663208750000E+03    8.032216138928570E+02
                    10780    2.250733855250000E+03    8.126301439553831E+02
                    10790    2.252846269750000E+03    8.007184818922588E+02
                    10800    2.255012432750000E+03    7.975820692532608E+02
                    10810    2.257134473500000E+03    7.930040002944042E+02
                    10820    2.259259527500000E+03    8.111758824259423E+02
                    10830    2.261357055500000E+03    7.970754484285490E+02
                    10840    2.263455880000000E+03    7.985778084428508E+02
                    10850    2.265582631000000E+03    7.971185991964876E+02
                    10860    2.267640429250000E+03    7.971161692332846E+02
                    10870    2.269733889875000E+03    8.025171386158836E+02
                    10880    2.271831442875000E+03    8.068580130555277E+02
                    10890    2.273893586125000E+03    7.979477888654501E+02
                    10900    2.275980363750000E+03    7.966392320941006E+02
                    10910    2.278021566375000E+03    7.954834093189576E+02
                    10920    2.280090622875000E+03    7.891954985492407E+02
                    10930    2.282195776875000E+03    7.987566561678171E+02
                    10940    2.284260848875000E+03    7.925507200748361E+02
                    10950    2.286403649750000E+03    7.918400820243914E+02
                    10960    2.288461424125000E+03    7.836233271842459E+02
                    10970    2.290615560125000E+03    7.729098303981460E+02
                    10980    2.292726085750000E+03    7.866331040859952E+02
                    10990    2.294820756375000E+03    7.904436532300068E+02
                    11000    2.296897125500000E+03    7.886929186615712E+02
                    11010    2.299014929625000E+03    7.846075885971437E+02
                    11020    2.301068840000000E+03    7.947890381890682E+02
                    11030    2.303169895750000E+03    7.965375012416400E+02
                    11040    2.305285291875000E+03    8.031221685966344E+02
                    11050    2.307357330125000E+03    8.116145063353897E+02
                    11060    2.309420136875000E+03    8.195958379667279E+02
                    11070    2.311491163000000E+03    8.122817319287012E+02
                    11080    2.313548149125000E+03    8.097356212859734E+02
                    11090    2.315591407375000E+03    8.027756884028546E+02
                    11100    2.317697302250000E+03    8.002820325754417E+02
                    11110    2.319761573875000E+03    7.965771944124538E+02
                    11120    2.321841936750000E+03    7.898252340120839E+02
                    11130    2.323948749625000E+03    7.853404250807649E+02
                    11140    2.326060532500000E+03    8.028003254313162E+02
                    11150    2.328137986500000E+03    7.920708475349584E+02
                    11160    2.330232892875000E+03    7.914915758649233E+02
                    11170    2.332292086500000E+03    7.964487358795943E+02
                    11180    2.334341865875000E+03    7.949936023440400E+02
                    11190    2.336372821875000E+03    8.043992236746300E+02
                    11200    2.338435418000000E+03    7.906696284703685E+02
                    11210    2.340524212250000E+03    7.978622511587316E+02
                    11220    2.342633283625000E+03    7.962608641075316E+02
                    11230    2.344698678375000E+03    7.850192085390672E+02
                    11240    2.346761779500000E+03    8.000969039344614E+02
                    11250    2.348832166250000E+03    8.014007968646536E+02
                    11260    2.350918507875000E+03    7.925040922781474E+02
                    11270    2.352984576375000E+03    7.984152887758651E+02
                    11280    2.355038935625000E+03    7.930491376591069E+02
                    11290    2.357172396250000E+03    7.916003466661853E+02
                    11300    2.359270621500000E+03    7.911185408233025E+02
                    11310    2.361337657000000E+03    8.026793368313174E+02
                    11320    2.363398653000000E+03    7.992358781923712E+02
                    11330    2.365463844000000E+03    7.901237497167690E+02
                    11340    2.367580420500000E+03    8.014052335912157E+02
                    11350    2.369683454125000E+03    7.992844859694042E+02
                    11360    2.371793598750000E+03    8.051547464705727E+02
                    11370    2.373884796000000E+03    7.930660558743000E+02
                    11380    2.375950882375000E+03    7.945966920461397E+02
                    11390    2.377984007500000E+03    8.051366559430162E+02
                    11400    2.380090610375000E+03    8.041230461575540E+02
                    11410    2.382181188000000E+03    7.948358701512457E+02
                    11420    2.384243628250000E+03    7.814464664656284E+02
                    11430    2.386354625625000E+03    7.750043937597360E+02
                    11440    2.388413307000000E+03    7.865073972086316E+02
                    11450    2.390502957875000E+03    7.917374189295896E+02
                    11460    2.392577644000000E+03    7.720858337087855E+02
                    11470    2.394757070375000E+03    7.750416873726688E+02
                    11480    2.396952159375000E+03    7.946430403999215E+02
                    11490    2.399025783750000E+03    7.940866520529407E+02
                    11500    2.401122245000000E+03    7.863212986580932E+02
                    11510    2.403206180375000E+03    7.971374491966881E+02
                    11520    2.405280930750000E+03    7.958624923781082E+02
                    11530    2.407379334500000E+03    8.177531185333701E+02
                    11540    2.409462269750000E+03    8.066775951886030E+02
                    11550    2.411537874125000E+03    8.014900362554786E+02
                    11560    2.413592893750000E+03    7.887523987485808E+02
                    11570    2.415671643000000E+03    7.963388364280249E+02
                    11580    2.417764822750000E+03    7.991538969788563E+02
                    11590    2.419829971750000E+03    7.945961311610517E+02
                    11600    2.421964115500000E+03    7.794747002556664E+02
                    11610    2.424077990625000E+03    7.754132562001703E+02
                    11620    2.426183953500000E+03    7.786802850132209E+02
                    11630    2.428270852000000E+03    7.937151046942427E+02
                    11640    2.430352053250000E+03    7.925170992584979E+02
                    11650    2.432420887125000E+03    8.095534442710023E+02
                    11660    2.434475475625000E+03    8.014699917789856E+02
                    11670    2.436529119625000E+03    8.195276940724759E+02
                    11680    2.438583104875000E+03    8.086844075845750E+02
                    11690    2.440685989000000E+03    8.224907537380591E+02
                    11700    2.442726091500000E+03    8.096274084919488E+02
                    11710    2.444815782125000E+03    8.005334972082544E+02
                    11720    2.446897729875000E+03    8.120973999512888E+02
                    11730    2.448964267125000E+03    7.974986803112766E+02
                    11740    2.451015965250000E+03    7.976598447932701E+02
                    11750    2.453103737125000E+03    7.997826455180968E+02
                    11760    2.455135888875000E+03    8.062708182289134E+02
                    11770    2.457211284750000E+03    8.079106178823465E+02
                    11780    2.459261294625000E+03    8.051894076368023E+02
                    11790    2.461328206250000E+03    8.034138346534655E+02
                    11800    2.463400629500000E+03    8.102245653634780E+02
                    11810    2.465461106375000E+03    7.953813621775719E+02
                    11820    2.467543945875000E+03    7.866440834785498E+02
                    11830    2.469630015750000E+03    7.978007958097425E+02
                    11840    2.471703154250000E+03    8.056108695295434E+02
                    11850    2.473833202500000E+03    7.925608277058392E+02
                    11860    2.475914046000000E+03    8.051180147393966E+02
                    11870    2.477968668750000E+03    8.163139231818859E+02
                    11880    2.480025742250000E+03    8.168562192325012E+02
                    11890    2.482075590500000E+03    8.147228794940405E+02
                    11900    2.484127320750000E+03    8.072404132130953E+02
                    11910    2.486192508625000E+03    8.117953793320742E+02
                    11920    2.488258936500000E+03    7.914662016511659E+02
                    11930    2.490329765750000E+03    8.005072337705770E+02
                    11940    2.492462713750000E+03    7.980346314808985E+02
                    11950    2.494568003375000E+03    7.925944166940571E+02
                    11960    2.496667809875000E+03    7.930738288263208E+02
                    11970    2.498784073750000E+03    7.923591585223780E+02
                    11980    2.500899908000000E+03    7.958230982296218E+02
                    11990    2.502983277125000E+03    7.919832674569843E+02
                    12000    2.505014580500000E+03    8.036012486767454E+02
                    12010    2.507073208500000E+03    8.169477422741616E+02
                    12020    2.509124651000000E+03    7.972275600050353E+02
                    12030    2.511247124500000E+03    7.962650250778722E+02
                    12040    2.513289915500000E+03    8.082327108486645E+02
                    12050    2.515343297375000E+03    8.093569834351042E+02
                    12060    2.517388336000000E+03    7.918412761052907E+02
                    12070    2.519477303000000E+03    7.864586518843836E+02
                    12080    2.521531893250000E+03    7.900122372189810E+02
                    12090    2.523640340250000E+03    8.006938564831000E+02
                    12100    2.525764071000000E+03    7.953957215833552E+02
                    12110    2.527880616125000E+03    8.064821708568973E+02
                    12120    2.529956739250000E+03    8.015961859602506E+02
                    12130    2.532042572250000E+03    7.910265626291980E+02
                    12140    2.534148951375000E+03    7.882662507260168E+02
                    12150    2.536227797875000E+03    7.854296302248554E+02
                    12160    2.538294057750000E+03    7.847852526962695E+02
                    12170    2.540376054375000E+03    8.023256763797277E+02
                    12180    2.542423645000000E+03    7.974905382171661E+02
                    12190    2.544514728375000E+03    8.038204251899512E+02
                    12200    2.546574355625000E+03    7.998200854297725E+02
                    12210    2.548691089000000E+03    7.935362890468616E+02
                    12220    2.550773282125000E+03    7.858232049790752E+02
                    12230    2.552833588000000E+03    7.818936623891741E+02
                    12240    2.554867541125000E+03    8.021032582548795E+02
                    12250    2.556970548500000E+03    7.992709641946783E+02
                    12260    2.559039530625000E+03    7.909530497278729E+02
                    12270    2.561148486875000E+03    7.967834909739687E+02
                    12280    2.563241553000000E+03    7.972824442948631E+02
                    12290    2.565359958125000E+03    7.847305291725677E+02
                    12300    2.567457674000000E+03    7.751868344402876E+02
