#                 1000000                    lines
#       Iterationsschritt                     Zeit       Bester Fitnesswert
                        1    8.852160000000000E-01    3.170211972663799E+04
                       10    2.509916000000000E+00    2.669306933714142E+04
                       20    4.487579000000000E+00    2.627911916968952E+04
                       30    6.334917000000000E+00    2.571388497146552E+04
                       40    8.067192000000000E+00    2.444970347247200E+04
                       50    1.001534800000000E+01    2.444970347247200E+04
                       60    1.176580700000000E+01    2.313494013964173E+04
                       70    1.370469400000000E+01    2.313494013964173E+04
                       80    1.548629900000000E+01    2.212570392587462E+04
                       90    1.737207400000000E+01    2.212570392587462E+04
                      100    1.896991500000000E+01    2.202779575036289E+04
                      110    2.076204700000000E+01    2.202779575036289E+04
                      120    2.253619500000000E+01    2.202779575036289E+04
                      130    2.459960200000000E+01    2.202779575036289E+04
                      140    2.640041900000000E+01    2.202779575036289E+04
                      150    2.823103500000000E+01    2.202779575036289E+04
                      160    2.996950000000000E+01    2.193067647520504E+04
                      170    3.192199700000000E+01    2.193067647520504E+04
                      180    3.398909600000000E+01    2.193067647520504E+04
                      190    3.619246300000000E+01    2.193067647520504E+04
                      200    3.807664300000000E+01    2.193067647520504E+04
                      210    3.999657699999999E+01    2.193067647520504E+04
                      220    4.183752300000000E+01    2.193067647520504E+04
                      230    4.368291900000000E+01    2.193067647520504E+04
                      240    4.582389100000000E+01    2.193067647520504E+04
                      250    4.771238100000000E+01    2.193067647520504E+04
                      260    4.965676100000000E+01    2.193067647520504E+04
                      270    5.185865200000000E+01    2.193067647520504E+04
                      280    5.365515600000000E+01    2.177458558788878E+04
                      290    5.558419400000000E+01    2.177458558788878E+04
                      300    5.755552900000000E+01    2.177458558788878E+04
                      310    5.958163900000000E+01    2.177458558788878E+04
                      320    6.140392600000000E+01    2.177458558788878E+04
                      330    6.328063100000000E+01    2.177458558788878E+04
                      340    6.523348300000001E+01    2.177458558788878E+04
                      350    6.713661400000001E+01    2.177458558788878E+04
                      360    6.897044000000001E+01    2.177458558788878E+04
                      370    7.076997100000000E+01    2.177458558788878E+04
                      380    7.285977200000001E+01    2.177458558788878E+04
                      390    7.495674300000000E+01    2.177458558788878E+04
                      400    7.691720800000000E+01    2.177458558788878E+04
                      410    7.909164300000000E+01    2.177458558788878E+04
                      420    8.096142900000001E+01    2.177458558788878E+04
                      430    8.299157200000001E+01    2.166381076016686E+04
                      440    8.519468100000000E+01    2.166381076016686E+04
                      450    8.710320600000000E+01    2.166381076016686E+04
                      460    8.905024800000001E+01    2.166381076016686E+04
                      470    9.112557100000001E+01    2.166381076016686E+04
                      480    9.324096700000001E+01    2.166381076016686E+04
                      490    9.528610400000001E+01    2.166381076016686E+04
                      500    9.734973700000000E+01    2.166381076016686E+04
                      510    9.945421100000000E+01    2.162745441121145E+04
                      520    1.013861910000000E+02    2.162745441121145E+04
                      530    1.034558400000000E+02    2.162745441121145E+04
                      540    1.055250860000000E+02    2.162745441121145E+04
                      550    1.076530780000000E+02    2.162745441121145E+04
                      560    1.096956350000000E+02    2.162745441121145E+04
                      570    1.115174010000000E+02    2.162745441121145E+04
                      580    1.134292920000000E+02    2.162745441121145E+04
                      590    1.152727120000000E+02    2.162745441121145E+04
                      600    1.171471250000000E+02    2.162745441121145E+04
                      610    1.190098150000000E+02    2.162745441121145E+04
                      620    1.209769130000000E+02    2.162745441121145E+04
                      630    1.229083490000000E+02    2.162745441121145E+04
                      640    1.249278710000000E+02    2.162745441121145E+04
                      650    1.269912110000000E+02    2.162745441121145E+04
                      660    1.290323230000000E+02    2.162745441121145E+04
                      670    1.310241010000000E+02    2.162745441121145E+04
                      680    1.332208760000000E+02    2.162745441121145E+04
                      690    1.353233650000000E+02    2.162745441121145E+04
                      700    1.370991860000000E+02    2.162745441121145E+04
                      710    1.390079460000000E+02    2.162745441121145E+04
                      720    1.409772300000000E+02    2.162745441121145E+04
                      730    1.427517880000000E+02    2.162745441121145E+04
                      740    1.448648930000000E+02    2.162745441121145E+04
                      750    1.469145870000000E+02    2.162745441121145E+04
                      760    1.490641530000000E+02    2.162745441121145E+04
                      770    1.510130130000000E+02    2.162745441121145E+04
                      780    1.530037780000000E+02    2.162745441121145E+04
                      790    1.549599070000000E+02    2.162745441121145E+04
                      800    1.571242460000000E+02    2.162745441121145E+04
                      810    1.589138440000000E+02    2.162745441121145E+04
                      820    1.608597940000000E+02    2.162745441121145E+04
                      830    1.629918490000000E+02    2.155135431565490E+04
                      840    1.650059770000000E+02    2.155135431565490E+04
                      850    1.670909150000000E+02    2.155135431565490E+04
                      860    1.690727530000000E+02    2.155135431565490E+04
                      870    1.710054730000000E+02    2.149568668408541E+04
                      880    1.728697300000000E+02    2.149568668408541E+04
                      890    1.749025400000000E+02    2.149568668408541E+04
                      900    1.770436030000000E+02    2.149568668408541E+04
                      910    1.792751500000000E+02    2.149568668408541E+04
                      920    1.812696900000000E+02    2.149568668408541E+04
                      930    1.834351620000000E+02    2.149568668408541E+04
                      940    1.853730610000000E+02    2.149568668408541E+04
                      950    1.872038090000000E+02    2.149568668408541E+04
                      960    1.891951090000000E+02    2.149568668408541E+04
                      970    1.913275740000000E+02    2.149568668408541E+04
                      980    1.933046500000000E+02    2.149482862095357E+04
                      990    1.953021270000000E+02    2.149482862095357E+04
                     1000    1.973393680000000E+02    2.149482862095357E+04
                     1010    1.995020340000000E+02    2.149482862095357E+04
                     1020    2.014498390000000E+02    2.149482862095357E+04
                     1030    2.033791350000000E+02    2.149482862095357E+04
                     1040    2.051502410000000E+02    2.149482862095357E+04
                     1050    2.073194440000000E+02    2.149482862095357E+04
                     1060    2.095327840000000E+02    2.146471530324680E+04
                     1070    2.113598590000000E+02    2.146471530324680E+04
                     1080    2.131627920000000E+02    2.146471530324680E+04
                     1090    2.151760080000000E+02    2.146471530324680E+04
                     1100    2.169372810000000E+02    2.145418412444161E+04
                     1110    2.188755390000000E+02    2.145418412444161E+04
                     1120    2.209940870000000E+02    2.145418412444161E+04
                     1130    2.230566240000000E+02    2.145418412444161E+04
                     1140    2.248639780000000E+02    2.145418412444161E+04
                     1150    2.267405440000000E+02    2.145418412444161E+04
                     1160    2.286201520000000E+02    2.145418412444161E+04
                     1170    2.306502750000000E+02    2.145418412444161E+04
                     1180    2.325204130000000E+02    2.145418412444161E+04
                     1190    2.347241770000000E+02    2.145418412444161E+04
                     1200    2.367815910000000E+02    2.145418412444161E+04
                     1210    2.389142070000000E+02    2.145418412444161E+04
                     1220    2.407923300000000E+02    2.145259712266702E+04
                     1230    2.427699720000000E+02    2.145259712266702E+04
                     1240    2.446711690000000E+02    2.145259712266702E+04
                     1250    2.465945170000000E+02    2.145259712266702E+04
                     1260    2.487344180000000E+02    2.139078835720426E+04
                     1270    2.507630280000000E+02    2.139078835720426E+04
                     1280    2.529229110000000E+02    2.139078835720426E+04
                     1290    2.550335930000000E+02    2.139078835720426E+04
                     1300    2.570940960000000E+02    2.139078835720426E+04
                     1310    2.592081010000000E+02    2.139078835720426E+04
                     1320    2.613932040000000E+02    2.139078835720426E+04
                     1330    2.636322370000000E+02    2.139078835720426E+04
                     1340    2.656868350000000E+02    2.139078835720426E+04
                     1350    2.675903930000000E+02    2.139078835720426E+04
                     1360    2.693896190000000E+02    2.139078835720426E+04
                     1370    2.712535300000000E+02    2.139078835720426E+04
                     1380    2.731307820000000E+02    2.139078835720426E+04
                     1390    2.750374140000000E+02    2.139078835720426E+04
                     1400    2.771046950000000E+02    2.139078835720426E+04
                     1410    2.791656960000000E+02    2.139078835720426E+04
                     1420    2.810822390000000E+02    2.139078835720426E+04
                     1430    2.830801600000000E+02    2.139078835720426E+04
                     1440    2.851227180000000E+02    2.139078835720426E+04
                     1450    2.871732090000000E+02    2.139078835720426E+04
                     1460    2.891540300000000E+02    2.139078835720426E+04
                     1470    2.913137080000000E+02    2.139078835720426E+04
                     1480    2.931393870000000E+02    2.139078835720426E+04
                     1490    2.951846420000000E+02    2.139078835720426E+04
                     1500    2.972546010000000E+02    2.139078835720426E+04
                     1510    2.994253170000000E+02    2.139078835720426E+04
                     1520    3.014414950000000E+02    2.139078835720426E+04
                     1530    3.032792730000000E+02    2.139078835720426E+04
                     1540    3.053084080000000E+02    2.139078835720426E+04
                     1550    3.074469920000000E+02    2.139078835720426E+04
                     1560    3.091167480000000E+02    2.139078835720426E+04
                     1570    3.109072270000000E+02    2.139078835720426E+04
                     1580    3.127580430000000E+02    2.139078835720426E+04
                     1590    3.146272450000000E+02    2.139078835720426E+04
                     1600    3.167438040000000E+02    2.139078835720426E+04
                     1610    3.186950660000000E+02    2.139078835720426E+04
                     1620    3.206290320000000E+02    2.139078835720426E+04
                     1630    3.227270270000000E+02    2.139078835720426E+04
                     1640    3.246431110000000E+02    2.139078835720426E+04
                     1650    3.266938450000000E+02    2.139078835720426E+04
                     1660    3.287703300000000E+02    2.139078835720426E+04
                     1670    3.305631450000000E+02    2.139078835720426E+04
                     1680    3.323737320000000E+02    2.139078835720426E+04
                     1690    3.343073080000000E+02    2.139078835720426E+04
                     1700    3.362632870000000E+02    2.139078835720426E+04
                     1710    3.381677890000000E+02    2.139078835720426E+04
                     1720    3.398104870000000E+02    2.139078835720426E+04
                     1730    3.418978040000000E+02    2.139078835720426E+04
                     1740    3.439710710000000E+02    2.139078835720426E+04
                     1750    3.458832110000000E+02    2.139078835720426E+04
                     1760    3.478105160000000E+02    2.139078835720426E+04
                     1770    3.499551770000000E+02    2.139078835720426E+04
                     1780    3.517737850000000E+02    2.139078835720426E+04
                     1790    3.535914370000000E+02    2.139078835720426E+04
                     1800    3.556155030000000E+02    2.139078835720426E+04
                     1810    3.575116700000000E+02    2.139078835720426E+04
                     1820    3.595310640000000E+02    2.139078835720426E+04
                     1830    3.617125530000000E+02    2.139078835720426E+04
                     1840    3.635460240000000E+02    2.139078835720426E+04
                     1850    3.654771700000000E+02    2.139078835720426E+04
                     1860    3.673143170000000E+02    2.139078835720426E+04
                     1870    3.692800430000000E+02    2.139078835720426E+04
                     1880    3.712804550000000E+02    2.139078835720426E+04
                     1890    3.734370800000000E+02    2.139078835720426E+04
                     1900    3.755265370000000E+02    2.139078835720426E+04
                     1910    3.776041830000000E+02    2.139078835720426E+04
                     1920    3.795567060000000E+02    2.139078835720426E+04
                     1930    3.815470110000000E+02    2.139078835720426E+04
                     1940    3.836328210000000E+02    2.139078835720426E+04
                     1950    3.856617400000000E+02    2.139078835720426E+04
                     1960    3.874760510000000E+02    2.139078835720426E+04
                     1970    3.896437360000000E+02    2.139078835720426E+04
                     1980    3.918153960000000E+02    2.139078835720426E+04
                     1990    3.937545190000000E+02    2.139078835720426E+04
                     2000    3.956680240000000E+02    2.139078835720426E+04
                     2010    3.976091360000000E+02    2.139078835720426E+04
                     2020    3.996169960000000E+02    2.139078835720426E+04
                     2030    4.016797000000000E+02    2.139078835720426E+04
                     2040    4.036140710000000E+02    2.139078835720426E+04
                     2050    4.054456050000000E+02    2.139078835720426E+04
                     2060    4.075197590000000E+02    2.139078835720426E+04
                     2070    4.095709030000000E+02    2.139078835720426E+04
                     2080    4.116745200000000E+02    2.139078835720426E+04
                     2090    4.136726150000000E+02    2.139078835720426E+04
                     2100    4.158422720000000E+02    2.139078835720426E+04
                     2110    4.178109560000000E+02    2.139078835720426E+04
                     2120    4.195380750000000E+02    2.139078835720426E+04
                     2130    4.215467980000000E+02    2.139078835720426E+04
                     2140    4.237540510000000E+02    2.139078835720426E+04
                     2150    4.258732710000000E+02    2.139078835720426E+04
                     2160    4.277695950000000E+02    2.139078835720426E+04
                     2170    4.297291150000000E+02    2.139078835720426E+04
                     2180    4.318582230000000E+02    2.139078835720426E+04
                     2190    4.338950350000000E+02    2.139078835720426E+04
                     2200    4.356983550000000E+02    2.139078835720426E+04
                     2210    4.377436140000000E+02    2.139078835720426E+04
                     2220    4.398170800000000E+02    2.139078835720426E+04
                     2230    4.418126930000000E+02    2.139078835720426E+04
                     2240    4.438906520000000E+02    2.139078835720426E+04
                     2250    4.457570980000000E+02    2.139078835720426E+04
                     2260    4.477079590000000E+02    2.139078835720426E+04
                     2270    4.497094240000000E+02    2.139078835720426E+04
                     2280    4.515987670000000E+02    2.139078835720426E+04
                     2290    4.537168510000000E+02    2.139078835720426E+04
                     2300    4.557811500000000E+02    2.139078835720426E+04
                     2310    4.579150940000000E+02    2.139078835720426E+04
                     2320    4.599935120000000E+02    2.139078835720426E+04
                     2330    4.620478690000000E+02    2.139078835720426E+04
                     2340    4.639956620000000E+02    2.139078835720426E+04
                     2350    4.658899050000000E+02    2.139078835720426E+04
                     2360    4.678694580000000E+02    2.139078835720426E+04
                     2370    4.698541770000000E+02    2.139078835720426E+04
                     2380    4.716988810000000E+02    2.139078835720426E+04
                     2390    4.737342120000000E+02    2.139078835720426E+04
                     2400    4.758475350000000E+02    2.139078835720426E+04
                     2410    4.778079500000000E+02    2.139078835720426E+04
                     2420    4.799062600000000E+02    2.139078835720426E+04
                     2430    4.820633670000000E+02    2.139078835720426E+04
                     2440    4.840781410000000E+02    2.139078835720426E+04
                     2450    4.859798120000000E+02    2.139078835720426E+04
                     2460    4.878853700000000E+02    2.139078835720426E+04
                     2470    4.897990690000000E+02    2.139078835720426E+04
                     2480    4.916462450000000E+02    2.139078835720426E+04
                     2490    4.938149550000000E+02    2.139078835720426E+04
                     2500    4.957952640000000E+02    2.139078835720426E+04
                     2510    4.978018020000000E+02    2.139078835720426E+04
                     2520    4.997065720000000E+02    2.139078835720426E+04
                     2530    5.017042570000000E+02    2.139078835720426E+04
                     2540    5.037093760000000E+02    2.139078835720426E+04
                     2550    5.056844490000000E+02    2.139078835720426E+04
                     2560    5.076835880000000E+02    2.139078835720426E+04
                     2570    5.098720690000000E+02    2.139078835720426E+04
                     2580    5.120599989999999E+02    2.139078835720426E+04
                     2590    5.141695669999999E+02    2.139078835720426E+04
                     2600    5.162168740000000E+02    2.139078835720426E+04
                     2610    5.182790160000000E+02    2.139078835720426E+04
                     2620    5.202917150000000E+02    2.139078835720426E+04
                     2630    5.224573190000000E+02    2.139078835720426E+04
                     2640    5.244329279999999E+02    2.139078835720426E+04
                     2650    5.263583570000000E+02    2.139078835720426E+04
                     2660    5.282998960000000E+02    2.139078835720426E+04
                     2670    5.300978739999999E+02    2.139078835720426E+04
                     2680    5.319913759999999E+02    2.139078835720426E+04
                     2690    5.339724299999999E+02    2.139078835720426E+04
                     2700    5.359587530000000E+02    2.139078835720426E+04
                     2710    5.379658449999999E+02    2.139078835720426E+04
                     2720    5.401431379999999E+02    2.139078835720426E+04
                     2730    5.419753669999999E+02    2.139078835720426E+04
                     2740    5.439957879999999E+02    2.139078835720426E+04
                     2750    5.458824460000000E+02    2.139078835720426E+04
                     2760    5.478452589999999E+02    2.139078835720426E+04
                     2770    5.499063470000000E+02    2.139078835720426E+04
                     2780    5.517725569999999E+02    2.139078835720426E+04
                     2790    5.538560679999999E+02    2.139078835720426E+04
                     2800    5.560361829999999E+02    2.139078835720426E+04
                     2810    5.580360979999999E+02    2.139078835720426E+04
                     2820    5.597915079999999E+02    2.139078835720426E+04
                     2830    5.617769290000000E+02    2.139078835720426E+04
                     2840    5.636493610000000E+02    2.139078835720426E+04
                     2850    5.655072190000000E+02    2.139078835720426E+04
                     2860    5.674795019999999E+02    2.139078835720426E+04
                     2870    5.694055989999999E+02    2.139078835720426E+04
                     2880    5.712329719999999E+02    2.139078835720426E+04
                     2890    5.732005899999999E+02    2.139078835720426E+04
                     2900    5.750412439999999E+02    2.139078835720426E+04
                     2910    5.770261170000000E+02    2.139078835720426E+04
                     2920    5.791777629999999E+02    2.139078835720426E+04
                     2930    5.811205130000000E+02    2.139078835720426E+04
                     2940    5.831803930000000E+02    2.139078835720426E+04
                     2950    5.851169530000000E+02    2.139078835720426E+04
                     2960    5.869153719999999E+02    2.139078835720426E+04
                     2970    5.890889279999999E+02    2.139078835720426E+04
                     2980    5.911706409999999E+02    2.139078835720426E+04
                     2990    5.930886340000000E+02    2.139078835720426E+04
                     3000    5.950982550000000E+02    2.139078835720426E+04
                     3010    5.971995230000000E+02    2.139078835720426E+04
                     3020    5.991196249999999E+02    2.139078835720426E+04
                     3030    6.013170910000000E+02    2.139078835720426E+04
                     3040    6.031385070000000E+02    2.139078835720426E+04
                     3050    6.052629099999999E+02    2.139078835720426E+04
                     3060    6.072513709999999E+02    2.139078835720426E+04
                     3070    6.094713849999999E+02    2.139078835720426E+04
                     3080    6.115138979999999E+02    2.139078835720426E+04
                     3090    6.137560649999999E+02    2.139078835720426E+04
                     3100    6.156500480000000E+02    2.139078835720426E+04
                     3110    6.177443010000000E+02    2.139078835720426E+04
                     3120    6.197039689999999E+02    2.139078835720426E+04
                     3130    6.216740609999999E+02    2.139078835720426E+04
                     3140    6.235332300000000E+02    2.139078835720426E+04
                     3150    6.254572979999999E+02    2.139078835720426E+04
                     3160    6.274438889999999E+02    2.139078835720426E+04
                     3170    6.295290520000000E+02    2.139078835720426E+04
                     3180    6.314402829999999E+02    2.139078835720426E+04
                     3190    6.333911999999999E+02    2.139078835720426E+04
                     3200    6.354852599999999E+02    2.139078835720426E+04
                     3210    6.375371520000000E+02    2.139078835720426E+04
                     3220    6.397092269999999E+02    2.139078835720426E+04
                     3230    6.417504029999999E+02    2.139078835720426E+04
                     3240    6.439661030000000E+02    2.139078835720426E+04
                     3250    6.461959280000000E+02    2.139078835720426E+04
                     3260    6.483201640000000E+02    2.139078835720426E+04
                     3270    6.502302989999999E+02    2.139078835720426E+04
                     3280    6.522831649999999E+02    2.139078835720426E+04
                     3290    6.541177889999999E+02    2.139078835720426E+04
                     3300    6.560785689999999E+02    2.139078835720426E+04
                     3310    6.578305590000000E+02    2.139078835720426E+04
                     3320    6.599180610000000E+02    2.139078835720426E+04
                     3330    6.620913389999999E+02    2.139078835720426E+04
                     3340    6.642077019999999E+02    2.139078835720426E+04
                     3350    6.663590839999999E+02    2.139078835720426E+04
                     3360    6.685430970000000E+02    2.139078835720426E+04
                     3370    6.706036580000000E+02    2.139078835720426E+04
                     3380    6.725347849999999E+02    2.139078835720426E+04
                     3390    6.744678160000000E+02    2.139078835720426E+04
                     3400    6.762920009999999E+02    2.139078835720426E+04
                     3410    6.783463869999999E+02    2.139078835720426E+04
                     3420    6.803460849999999E+02    2.139078835720426E+04
                     3430    6.823331430000000E+02    2.139078835720426E+04
                     3440    6.845232030000000E+02    2.139078835720426E+04
                     3450    6.866375290000000E+02    2.139078835720426E+04
                     3460    6.885161230000000E+02    2.139078835720426E+04
                     3470    6.903692249999999E+02    2.139078835720426E+04
                     3480    6.925369459999999E+02    2.139078835720426E+04
                     3490    6.943339179999999E+02    2.139078835720426E+04
                     3500    6.961340540000000E+02    2.139078835720426E+04
                     3510    6.981433209999999E+02    2.139078835720426E+04
                     3520    7.000920599999999E+02    2.139078835720426E+04
                     3530    7.021957299999999E+02    2.139078835720426E+04
                     3540    7.040907659999999E+02    2.139078835720426E+04
                     3550    7.060767679999999E+02    2.139078835720426E+04
                     3560    7.078935769999999E+02    2.139078835720426E+04
                     3570    7.098511319999999E+02    2.139078835720426E+04
                     3580    7.120724289999999E+02    2.139078835720426E+04
                     3590    7.142483830000000E+02    2.139078835720426E+04
                     3600    7.163577720000000E+02    2.139078835720426E+04
                     3610    7.185088479999999E+02    2.139078835720426E+04
                     3620    7.202931669999999E+02    2.139078835720426E+04
                     3630    7.223615520000000E+02    2.139078835720426E+04
                     3640    7.245429280000000E+02    2.139078835720426E+04
                     3650    7.266121660000000E+02    2.139078835720426E+04
                     3660    7.285658060000000E+02    2.139078835720426E+04
                     3670    7.307372300000000E+02    2.139078835720426E+04
                     3680    7.328494360000000E+02    2.139078835720426E+04
                     3690    7.348366179999999E+02    2.139078835720426E+04
                     3700    7.368249750000000E+02    2.139078835720426E+04
                     3710    7.388626800000000E+02    2.139078835720426E+04
                     3720    7.408767200000000E+02    2.139078835720426E+04
                     3730    7.426855589999999E+02    2.139078835720426E+04
                     3740    7.446806110000000E+02    2.139078835720426E+04
                     3750    7.466949030000000E+02    2.139078835720426E+04
                     3760    7.484545879999999E+02    2.139078835720426E+04
                     3770    7.506333589999999E+02    2.139078835720426E+04
                     3780    7.525927330000000E+02    2.139078835720426E+04
                     3790    7.544737020000000E+02    2.139078835720426E+04
                     3800    7.566456119999999E+02    2.139078835720426E+04
                     3810    7.586132020000000E+02    2.139078835720426E+04
                     3820    7.606866829999999E+02    2.139078835720426E+04
                     3830    7.624791680000000E+02    2.139078835720426E+04
                     3840    7.644608149999999E+02    2.139078835720426E+04
                     3850    7.664070170000000E+02    2.139078835720426E+04
                     3860    7.685541440000000E+02    2.139078835720426E+04
                     3870    7.706721799999999E+02    2.139078835720426E+04
                     3880    7.724966410000000E+02    2.139078835720426E+04
                     3890    7.745156320000000E+02    2.139078835720426E+04
                     3900    7.763869699999999E+02    2.139078835720426E+04
                     3910    7.785435910000000E+02    2.139078835720426E+04
                     3920    7.806264480000000E+02    2.139078835720426E+04
                     3930    7.827072210000000E+02    2.139078835720426E+04
                     3940    7.846306699999999E+02    2.139078835720426E+04
                     3950    7.867200829999999E+02    2.139078835720426E+04
                     3960    7.886225029999999E+02    2.139078835720426E+04
                     3970    7.904096919999999E+02    2.139078835720426E+04
                     3980    7.924310429999999E+02    2.139078835720426E+04
                     3990    7.945110340000000E+02    2.139078835720426E+04
                     4000    7.965381209999999E+02    2.139078835720426E+04
                     4010    7.982499620000000E+02    2.139078835720426E+04
                     4020    8.002844520000000E+02    2.139078835720426E+04
                     4030    8.022721929999999E+02    2.139078835720426E+04
                     4040    8.041972059999999E+02    2.139078835720426E+04
                     4050    8.063131959999999E+02    2.139078835720426E+04
                     4060    8.082828179999999E+02    2.139078835720426E+04
                     4070    8.102466660000000E+02    2.139078835720426E+04
                     4080    8.124554969999999E+02    2.139078835720426E+04
                     4090    8.144537079999999E+02    2.139078835720426E+04
                     4100    8.163529679999999E+02    2.139078835720426E+04
                     4110    8.183968940000000E+02    2.139078835720426E+04
                     4120    8.201553009999999E+02    2.139078835720426E+04
                     4130    8.221366019999999E+02    2.139078835720426E+04
                     4140    8.241311159999999E+02    2.139078835720426E+04
                     4150    8.262143030000000E+02    2.139078835720426E+04
                     4160    8.280709589999999E+02    2.139078835720426E+04
                     4170    8.298720340000000E+02    2.139078835720426E+04
                     4180    8.318640009999999E+02    2.139078835720426E+04
                     4190    8.339655560000000E+02    2.139078835720426E+04
                     4200    8.358291300000000E+02    2.139078835720426E+04
                     4210    8.378515689999999E+02    2.139078835720426E+04
                     4220    8.399986050000000E+02    2.139078835720426E+04
                     4230    8.421305420000000E+02    2.139078835720426E+04
                     4240    8.441750330000000E+02    2.139078835720426E+04
                     4250    8.463759470000000E+02    2.139078835720426E+04
                     4260    8.484400390000000E+02    2.139078835720426E+04
                     4270    8.503235780000000E+02    2.139078835720426E+04
                     4280    8.524460519999999E+02    2.139078835720426E+04
                     4290    8.544521450000000E+02    2.139078835720426E+04
                     4300    8.564165959999999E+02    2.139078835720426E+04
                     4310    8.583777319999999E+02    2.139078835720426E+04
                     4320    8.606263650000000E+02    2.139078835720426E+04
                     4330    8.626325230000000E+02    2.139078835720426E+04
                     4340    8.647067179999999E+02    2.139078835720426E+04
                     4350    8.665379640000000E+02    2.139078835720426E+04
                     4360    8.685639369999999E+02    2.139078835720426E+04
                     4370    8.706212760000000E+02    2.139078835720426E+04
                     4380    8.726563749999999E+02    2.139078835720426E+04
                     4390    8.747348959999999E+02    2.139078835720426E+04
                     4400    8.769953210000000E+02    2.139078835720426E+04
                     4410    8.791123660000000E+02    2.139078835720426E+04
                     4420    8.809298000000000E+02    2.139078835720426E+04
                     4430    8.830991120000000E+02    2.139078835720426E+04
                     4440    8.849273549999999E+02    2.139078835720426E+04
                     4450    8.865923720000000E+02    2.139078835720426E+04
                     4460    8.887445279999999E+02    2.139078835720426E+04
                     4470    8.907218959999999E+02    2.139078835720426E+04
                     4480    8.929107759999999E+02    2.139078835720426E+04
                     4490    8.948276569999999E+02    2.139078835720426E+04
                     4500    8.967165759999999E+02    2.139078835720426E+04
                     4510    8.985080929999999E+02    2.139078835720426E+04
                     4520    9.005907299999999E+02    2.139078835720426E+04
                     4530    9.024876350000000E+02    2.139078835720426E+04
                     4540    9.045896909999999E+02    2.139078835720426E+04
                     4550    9.065080349999999E+02    2.139078835720426E+04
                     4560    9.084797129999999E+02    2.139078835720426E+04
                     4570    9.107245740000000E+02    2.139078835720426E+04
                     4580    9.128201680000000E+02    2.139078835720426E+04
                     4590    9.149005820000000E+02    2.139078835720426E+04
                     4600    9.169664479999999E+02    2.139078835720426E+04
                     4610    9.190785470000000E+02    2.139078835720426E+04
                     4620    9.209362440000000E+02    2.139078835720426E+04
                     4630    9.229999280000000E+02    2.139078835720426E+04
                     4640    9.249118629999999E+02    2.139078835720426E+04
                     4650    9.268051300000000E+02    2.139078835720426E+04
                     4660    9.287430479999999E+02    2.139078835720426E+04
                     4670    9.307315219999999E+02    2.139078835720426E+04
                     4680    9.328182780000000E+02    2.139078835720426E+04
                     4690    9.347827890000000E+02    2.139078835720426E+04
                     4700    9.370301370000000E+02    2.139078835720426E+04
                     4710    9.392109140000000E+02    2.139078835720426E+04
                     4720    9.412479039999999E+02    2.139078835720426E+04
                     4730    9.432755380000000E+02    2.139078835720426E+04
                     4740    9.453045229999999E+02    2.139078835720426E+04
                     4750    9.473127639999999E+02    2.139078835720426E+04
                     4760    9.490366369999999E+02    2.139078835720426E+04
                     4770    9.510587869999999E+02    2.139078835720426E+04
                     4780    9.531378440000000E+02    2.139078835720426E+04
                     4790    9.550754360000000E+02    2.139078835720426E+04
                     4800    9.569204970000000E+02    2.139078835720426E+04
                     4810    9.589793320000000E+02    2.139078835720426E+04
                     4820    9.608429400000000E+02    2.139078835720426E+04
                     4830    9.629371659999999E+02    2.139078835720426E+04
                     4840    9.649275070000000E+02    2.139078835720426E+04
                     4850    9.668577730000000E+02    2.139078835720426E+04
                     4860    9.689593209999999E+02    2.139078835720426E+04
                     4870    9.709261610000000E+02    2.139078835720426E+04
                     4880    9.730574160000000E+02    2.139078835720426E+04
                     4890    9.750318930000000E+02    2.139078835720426E+04
                     4900    9.771379720000000E+02    2.139078835720426E+04
                     4910    9.791693779999999E+02    2.139078835720426E+04
                     4920    9.812881749999999E+02    2.139078835720426E+04
                     4930    9.833774619999999E+02    2.139078835720426E+04
                     4940    9.853319110000000E+02    2.139078835720426E+04
                     4950    9.872961379999999E+02    2.139078835720426E+04
                     4960    9.891115110000000E+02    2.139078835720426E+04
                     4970    9.912018619999999E+02    2.139078835720426E+04
                     4980    9.930239009999999E+02    2.139078835720426E+04
                     4990    9.949018639999999E+02    2.139078835720426E+04
                     5000    9.969634860000000E+02    2.139078835720426E+04
                     5010    9.992261169999999E+02    2.139078835720426E+04
                     5020    1.001337435000000E+03    2.139078835720426E+04
                     5030    1.003315259000000E+03    2.139078835720426E+04
                     5040    1.005392405000000E+03    2.139078835720426E+04
                     5050    1.007486675000000E+03    2.139078835720426E+04
                     5060    1.009476763000000E+03    2.139078835720426E+04
                     5070    1.011529983000000E+03    2.139078835720426E+04
                     5080    1.013509508000000E+03    2.139078835720426E+04
                     5090    1.015490901000000E+03    2.139078835720426E+04
                     5100    1.017614199000000E+03    2.139078835720426E+04
                     5110    1.019447471000000E+03    2.139078835720426E+04
                     5120    1.021485133000000E+03    2.139078835720426E+04
                     5130    1.023461570000000E+03    2.139078835720426E+04
                     5140    1.025720475000000E+03    2.139078835720426E+04
                     5150    1.027657618000000E+03    2.139078835720426E+04
                     5160    1.029677430000000E+03    2.139078835720426E+04
                     5170    1.031822291000000E+03    2.139078835720426E+04
                     5180    1.033929375000000E+03    2.139078835720426E+04
                     5190    1.036054756000000E+03    2.139078835720426E+04
                     5200    1.037957445000000E+03    2.139078835720426E+04
                     5210    1.039915538000000E+03    2.139078835720426E+04
                     5220    1.041777354000000E+03    2.139078835720426E+04
                     5230    1.043684387000000E+03    2.139078835720426E+04
                     5240    1.045700513000000E+03    2.139078835720426E+04
                     5250    1.047749275000000E+03    2.139078835720426E+04
                     5260    1.049673614000000E+03    2.139078835720426E+04
                     5270    1.051741000000000E+03    2.139078835720426E+04
                     5280    1.053682330000000E+03    2.139078835720426E+04
                     5290    1.055598174000000E+03    2.139078835720426E+04
                     5300    1.057752242000000E+03    2.139078835720426E+04
                     5310    1.059800507000000E+03    2.139078835720426E+04
                     5320    1.061817052000000E+03    2.139078835720426E+04
                     5330    1.063655355000000E+03    2.139078835720426E+04
                     5340    1.065786562000000E+03    2.139078835720426E+04
                     5350    1.067904848000000E+03    2.139078835720426E+04
                     5360    1.069942644000000E+03    2.139078835720426E+04
                     5370    1.072138674000000E+03    2.139078835720426E+04
                     5380    1.074113205000000E+03    2.139078835720426E+04
                     5390    1.075980496000000E+03    2.139078835720426E+04
                     5400    1.077841545000000E+03    2.139078835720426E+04
                     5410    1.079876717000000E+03    2.139078835720426E+04
                     5420    1.081817069000000E+03    2.139078835720426E+04
                     5430    1.083765391000000E+03    2.139078835720426E+04
                     5440    1.085813653000000E+03    2.139078835720426E+04
                     5450    1.087617106000000E+03    2.139078835720426E+04
                     5460    1.089634112000000E+03    2.139078835720426E+04
                     5470    1.091651091000000E+03    2.139078835720426E+04
                     5480    1.093463257000000E+03    2.139078835720426E+04
                     5490    1.095348245000000E+03    2.139078835720426E+04
                     5500    1.097338628000000E+03    2.139078835720426E+04
                     5510    1.099223846000000E+03    2.139078835720426E+04
                     5520    1.101334002000000E+03    2.139078835720426E+04
                     5530    1.103190886000000E+03    2.139078835720426E+04
                     5540    1.105135647000000E+03    2.139078835720426E+04
                     5550    1.107415021000000E+03    2.139078835720426E+04
                     5560    1.109360049000000E+03    2.139078835720426E+04
                     5570    1.111422763000000E+03    2.139078835720426E+04
                     5580    1.113387036000000E+03    2.139078835720426E+04
                     5590    1.115339208000000E+03    2.139078835720426E+04
                     5600    1.117112125000000E+03    2.139078835720426E+04
                     5610    1.119060951000000E+03    2.139078835720426E+04
                     5620    1.120987612000000E+03    2.139078835720426E+04
                     5630    1.123146481000000E+03    2.139078835720426E+04
                     5640    1.125070958000000E+03    2.139078835720426E+04
                     5650    1.126973694000000E+03    2.139078835720426E+04
                     5660    1.129131420000000E+03    2.139078835720426E+04
                     5670    1.131029102000000E+03    2.139078835720426E+04
                     5680    1.133020088000000E+03    2.139078835720426E+04
                     5690    1.135013790000000E+03    2.139078835720426E+04
                     5700    1.137229078000000E+03    2.139078835720426E+04
                     5710    1.139310802000000E+03    2.139078835720426E+04
                     5720    1.141347781000000E+03    2.139078835720426E+04
                     5730    1.143335985000000E+03    2.139078835720426E+04
                     5740    1.145529089000000E+03    2.139078835720426E+04
                     5750    1.147508158000000E+03    2.139078835720426E+04
                     5760    1.149609274000000E+03    2.139078835720426E+04
                     5770    1.151780804000000E+03    2.139078835720426E+04
                     5780    1.153780468000000E+03    2.139078835720426E+04
                     5790    1.155901856000000E+03    2.139078835720426E+04
                     5800    1.157903966000000E+03    2.139078835720426E+04
                     5810    1.159868792000000E+03    2.139078835720426E+04
                     5820    1.161940147000000E+03    2.138183455761654E+04
                     5830    1.163923854000000E+03    2.138183455761654E+04
                     5840    1.165947326000000E+03    2.138183455761654E+04
                     5850    1.167826064000000E+03    2.138183455761654E+04
                     5860    1.169990126000000E+03    2.138183455761654E+04
                     5870    1.171962271000000E+03    2.138183455761654E+04
                     5880    1.173978472000000E+03    2.138183455761654E+04
                     5890    1.176142759000000E+03    2.138183455761654E+04
                     5900    1.178105362000000E+03    2.138183455761654E+04
                     5910    1.180157637000000E+03    2.138183455761654E+04
                     5920    1.182129298000000E+03    2.138183455761654E+04
                     5930    1.184073313000000E+03    2.138183455761654E+04
                     5940    1.186107671000000E+03    2.138183455761654E+04
                     5950    1.187932692000000E+03    2.138183455761654E+04
                     5960    1.189879141000000E+03    2.138183455761654E+04
                     5970    1.191949729000000E+03    2.138183455761654E+04
                     5980    1.193790298000000E+03    2.138183455761654E+04
                     5990    1.195795127000000E+03    2.138183455761654E+04
                     6000    1.197715852000000E+03    2.138183455761654E+04
                     6010    1.199537641000000E+03    2.138183455761654E+04
                     6020    1.201685031000000E+03    2.138183455761654E+04
                     6030    1.203725108000000E+03    2.138183455761654E+04
                     6040    1.205583892000000E+03    2.138183455761654E+04
                     6050    1.207614180000000E+03    2.138183455761654E+04
                     6060    1.209682711000000E+03    2.138183455761654E+04
                     6070    1.211607008000000E+03    2.138183455761654E+04
                     6080    1.213440929000000E+03    2.138183455761654E+04
                     6090    1.215458087000000E+03    2.138183455761654E+04
                     6100    1.217396679000000E+03    2.138183455761654E+04
                     6110    1.219288755000000E+03    2.138183455761654E+04
                     6120    1.221377963000000E+03    2.138183455761654E+04
                     6130    1.223281897000000E+03    2.138183455761654E+04
                     6140    1.225308512000000E+03    2.138183455761654E+04
                     6150    1.227343704000000E+03    2.138183455761654E+04
                     6160    1.229322292000000E+03    2.138183455761654E+04
                     6170    1.231295758000000E+03    2.138183455761654E+04
                     6180    1.233301363000000E+03    2.138183455761654E+04
                     6190    1.235212400000000E+03    2.138183455761654E+04
                     6200    1.237160991000000E+03    2.138183455761654E+04
                     6210    1.239224259000000E+03    2.138183455761654E+04
                     6220    1.241294878000000E+03    2.138183455761654E+04
                     6230    1.243437723000000E+03    2.138183455761654E+04
                     6240    1.245327007000000E+03    2.138183455761654E+04
                     6250    1.247529677000000E+03    2.138183455761654E+04
                     6260    1.249501181000000E+03    2.138183455761654E+04
                     6270    1.251689757000000E+03    2.138183455761654E+04
                     6280    1.253475403000000E+03    2.138183455761654E+04
                     6290    1.255325159000000E+03    2.138183455761654E+04
                     6300    1.257356544000000E+03    2.138183455761654E+04
                     6310    1.259457579000000E+03    2.138183455761654E+04
                     6320    1.261351230000000E+03    2.138183455761654E+04
                     6330    1.263512647000000E+03    2.138183455761654E+04
                     6340    1.265636423000000E+03    2.138183455761654E+04
                     6350    1.267866930000000E+03    2.138183455761654E+04
                     6360    1.269973247000000E+03    2.138183455761654E+04
                     6370    1.271994654000000E+03    2.138183455761654E+04
                     6380    1.274055211000000E+03    2.138183455761654E+04
                     6390    1.275840036000000E+03    2.138183455761654E+04
                     6400    1.277880657000000E+03    2.138183455761654E+04
                     6410    1.280123068000000E+03    2.138183455761654E+04
                     6420    1.282242737000000E+03    2.138183455761654E+04
                     6430    1.284178066000000E+03    2.138183455761654E+04
                     6440    1.286269224000000E+03    2.138183455761654E+04
                     6450    1.288075533000000E+03    2.138183455761654E+04
                     6460    1.290121630000000E+03    2.138183455761654E+04
                     6470    1.292233080000000E+03    2.138183455761654E+04
                     6480    1.294018588000000E+03    2.138183455761654E+04
                     6490    1.295787577000000E+03    2.138183455761654E+04
                     6500    1.297737830000000E+03    2.138183455761654E+04
                     6510    1.299801212000000E+03    2.138183455761654E+04
                     6520    1.301740562000000E+03    2.138183455761654E+04
                     6530    1.303589905000000E+03    2.138183455761654E+04
                     6540    1.305441346000000E+03    2.138183455761654E+04
                     6550    1.307360178000000E+03    2.138183455761654E+04
                     6560    1.309410990000000E+03    2.138183455761654E+04
                     6570    1.311443029000000E+03    2.138183455761654E+04
                     6580    1.313454756000000E+03    2.138183455761654E+04
                     6590    1.315314865000000E+03    2.138183455761654E+04
                     6600    1.317519936000000E+03    2.138183455761654E+04
                     6610    1.319354698000000E+03    2.138183455761654E+04
                     6620    1.321523765000000E+03    2.138183455761654E+04
                     6630    1.323631087000000E+03    2.138183455761654E+04
                     6640    1.325778979000000E+03    2.138183455761654E+04
                     6650    1.327739481000000E+03    2.138183455761654E+04
                     6660    1.329879613000000E+03    2.138183455761654E+04
                     6670    1.331877264000000E+03    2.138183455761654E+04
                     6680    1.333823280000000E+03    2.138183455761654E+04
                     6690    1.335990381000000E+03    2.138183455761654E+04
                     6700    1.337957529000000E+03    2.138183455761654E+04
                     6710    1.339904604000000E+03    2.138183455761654E+04
                     6720    1.342038426000000E+03    2.138183455761654E+04
                     6730    1.344062486000000E+03    2.138183455761654E+04
                     6740    1.346250617000000E+03    2.138183455761654E+04
                     6750    1.348368042000000E+03    2.138183455761654E+04
                     6760    1.350502063000000E+03    2.138183455761654E+04
                     6770    1.352505431000000E+03    2.138183455761654E+04
                     6780    1.354380892000000E+03    2.138183455761654E+04
                     6790    1.356294699000000E+03    2.138183455761654E+04
                     6800    1.358372506000000E+03    2.138183455761654E+04
                     6810    1.360578824000000E+03    2.138183455761654E+04
                     6820    1.362700373000000E+03    2.138183455761654E+04
                     6830    1.364602616000000E+03    2.138183455761654E+04
                     6840    1.366429624000000E+03    2.138183455761654E+04
                     6850    1.368648738000000E+03    2.138183455761654E+04
                     6860    1.370765074000000E+03    2.138183455761654E+04
                     6870    1.372638532000000E+03    2.138183455761654E+04
                     6880    1.374756313000000E+03    2.138183455761654E+04
                     6890    1.376977767000000E+03    2.138183455761654E+04
                     6900    1.378980268000000E+03    2.138183455761654E+04
                     6910    1.381021428000000E+03    2.138183455761654E+04
                     6920    1.383052766000000E+03    2.138183455761654E+04
                     6930    1.384941628000000E+03    2.138183455761654E+04
                     6940    1.386860496000000E+03    2.138183455761654E+04
                     6950    1.388782671000000E+03    2.138183455761654E+04
                     6960    1.390614259000000E+03    2.138183455761654E+04
                     6970    1.392534947000000E+03    2.138183455761654E+04
                     6980    1.394628881000000E+03    2.138183455761654E+04
                     6990    1.396717258000000E+03    2.138183455761654E+04
                     7000    1.398878976000000E+03    2.138183455761654E+04
                     7010    1.400969519000000E+03    2.138183455761654E+04
                     7020    1.402878856000000E+03    2.138183455761654E+04
                     7030    1.405026810000000E+03    2.138183455761654E+04
                     7040    1.407009376000000E+03    2.138183455761654E+04
                     7050    1.408874108000000E+03    2.138183455761654E+04
                     7060    1.410821143000000E+03    2.138183455761654E+04
                     7070    1.412649051000000E+03    2.138183455761654E+04
                     7080    1.414486532000000E+03    2.138183455761654E+04
                     7090    1.416521663000000E+03    2.138183455761654E+04
                     7100    1.418545200000000E+03    2.138183455761654E+04
                     7110    1.420465912000000E+03    2.138183455761654E+04
                     7120    1.422331656000000E+03    2.138183455761654E+04
                     7130    1.424525148000000E+03    2.138183455761654E+04
                     7140    1.426604850000000E+03    2.138183455761654E+04
                     7150    1.428449541000000E+03    2.138183455761654E+04
                     7160    1.430623272000000E+03    2.138183455761654E+04
                     7170    1.432660748000000E+03    2.138183455761654E+04
                     7180    1.434771036000000E+03    2.138183455761654E+04
                     7190    1.436877036000000E+03    2.138183455761654E+04
                     7200    1.438914260000000E+03    2.128544318157108E+04
                     7210    1.440910034000000E+03    2.128544318157108E+04
                     7220    1.442921726000000E+03    2.128544318157108E+04
                     7230    1.444933865000000E+03    2.128544318157108E+04
                     7240    1.446974494000000E+03    2.128544318157108E+04
                     7250    1.448802776000000E+03    2.128544318157108E+04
                     7260    1.450799740000000E+03    2.128544318157108E+04
                     7270    1.452987773000000E+03    2.128544318157108E+04
                     7280    1.454813029000000E+03    2.128544318157108E+04
                     7290    1.456655116000000E+03    2.128544318157108E+04
                     7300    1.458521203000000E+03    2.128544318157108E+04
                     7310    1.460570203000000E+03    2.128544318157108E+04
                     7320    1.462579858000000E+03    2.128544318157108E+04
                     7330    1.464741121000000E+03    2.128544318157108E+04
                     7340    1.466769153000000E+03    2.128544318157108E+04
                     7350    1.468785811000000E+03    2.128544318157108E+04
                     7360    1.470602115000000E+03    2.128544318157108E+04
                     7370    1.472521375000000E+03    2.128544318157108E+04
                     7380    1.474439553000000E+03    2.128544318157108E+04
                     7390    1.476449967000000E+03    2.128544318157108E+04
                     7400    1.478426723000000E+03    2.128544318157108E+04
                     7410    1.480514985000000E+03    2.128544318157108E+04
                     7420    1.482659981000000E+03    2.128544318157108E+04
                     7430    1.484403876000000E+03    2.128544318157108E+04
                     7440    1.486623985000000E+03    2.128544318157108E+04
                     7450    1.488435957000000E+03    2.128544318157108E+04
                     7460    1.490235772000000E+03    2.128544318157108E+04
                     7470    1.492055038000000E+03    2.128544318157108E+04
                     7480    1.494098296000000E+03    2.128544318157108E+04
                     7490    1.495952904000000E+03    2.128544318157108E+04
                     7500    1.497952697000000E+03    2.128544318157108E+04
                     7510    1.499887918000000E+03    2.128544318157108E+04
                     7520    1.501704670000000E+03    2.128544318157108E+04
                     7530    1.503771358000000E+03    2.128544318157108E+04
                     7540    1.505959117000000E+03    2.128544318157108E+04
                     7550    1.508000905000000E+03    2.128544318157108E+04
                     7560    1.509918157000000E+03    2.128544318157108E+04
                     7570    1.511712796000000E+03    2.128544318157108E+04
                     7580    1.513762504000000E+03    2.128544318157108E+04
                     7590    1.515787158000000E+03    2.128544318157108E+04
                     7600    1.517497350000000E+03    2.128544318157108E+04
                     7610    1.519250422000000E+03    2.128544318157108E+04
                     7620    1.521394756000000E+03    2.128544318157108E+04
                     7630    1.523400090000000E+03    2.128544318157108E+04
                     7640    1.525397718000000E+03    2.128544318157108E+04
                     7650    1.527471878000000E+03    2.128544318157108E+04
                     7660    1.529456946000000E+03    2.128544318157108E+04
                     7670    1.531598566000000E+03    2.128544318157108E+04
                     7680    1.533366725000000E+03    2.128544318157108E+04
                     7690    1.535233888000000E+03    2.128544318157108E+04
                     7700    1.537232105000000E+03    2.128544318157108E+04
                     7710    1.538995618000000E+03    2.128544318157108E+04
                     7720    1.541003348000000E+03    2.128544318157108E+04
                     7730    1.542977094000000E+03    2.128544318157108E+04
                     7740    1.544873601000000E+03    2.128544318157108E+04
                     7750    1.546595532000000E+03    2.128544318157108E+04
                     7760    1.548581548000000E+03    2.128544318157108E+04
                     7770    1.550581599000000E+03    2.128544318157108E+04
                     7780    1.552448551000000E+03    2.128544318157108E+04
                     7790    1.554396236000000E+03    2.128544318157108E+04
                     7800    1.556483481000000E+03    2.128544318157108E+04
                     7810    1.558549652000000E+03    2.128544318157108E+04
                     7820    1.560646363000000E+03    2.128544318157108E+04
                     7830    1.562639215000000E+03    2.128544318157108E+04
                     7840    1.564513773000000E+03    2.128544318157108E+04
                     7850    1.566471158000000E+03    2.128544318157108E+04
                     7860    1.568652266000000E+03    2.128544318157108E+04
                     7870    1.570760219000000E+03    2.128544318157108E+04
                     7880    1.572728926000000E+03    2.128544318157108E+04
                     7890    1.574641719000000E+03    2.128544318157108E+04
                     7900    1.576780050000000E+03    2.128544318157108E+04
                     7910    1.578730078000000E+03    2.128544318157108E+04
                     7920    1.580679835000000E+03    2.128544318157108E+04
                     7930    1.582605658000000E+03    2.128544318157108E+04
                     7940    1.584651326000000E+03    2.128544318157108E+04
                     7950    1.586646670000000E+03    2.128544318157108E+04
                     7960    1.588790463000000E+03    2.128544318157108E+04
                     7970    1.590757355000000E+03    2.128544318157108E+04
                     7980    1.592897061000000E+03    2.128544318157108E+04
                     7990    1.594952834000000E+03    2.128544318157108E+04
                     8000    1.596940531000000E+03    2.128544318157108E+04
                     8010    1.599037729000000E+03    2.128544318157108E+04
                     8020    1.601017674000000E+03    2.128544318157108E+04
                     8030    1.603014703000000E+03    2.128544318157108E+04
                     8040    1.605173802000000E+03    2.128544318157108E+04
                     8050    1.607372938000000E+03    2.128544318157108E+04
                     8060    1.609535670000000E+03    2.128544318157108E+04
                     8070    1.611490485000000E+03    2.128544318157108E+04
                     8080    1.613476781000000E+03    2.128544318157108E+04
                     8090    1.615549135000000E+03    2.128544318157108E+04
                     8100    1.617574306000000E+03    2.128544318157108E+04
                     8110    1.619278602000000E+03    2.128544318157108E+04
                     8120    1.621188727000000E+03    2.128544318157108E+04
                     8130    1.623156565000000E+03    2.128544318157108E+04
                     8140    1.625223346000000E+03    2.128544318157108E+04
                     8150    1.627177295000000E+03    2.128544318157108E+04
                     8160    1.628997896000000E+03    2.128544318157108E+04
                     8170    1.630830491000000E+03    2.128544318157108E+04
                     8180    1.632948033000000E+03    2.128544318157108E+04
                     8190    1.635064581000000E+03    2.128544318157108E+04
                     8200    1.637054796000000E+03    2.128544318157108E+04
                     8210    1.639241200000000E+03    2.128544318157108E+04
                     8220    1.641268496000000E+03    2.128544318157108E+04
                     8230    1.643411359000000E+03    2.128544318157108E+04
                     8240    1.645370562000000E+03    2.128544318157108E+04
                     8250    1.647517434000000E+03    2.128544318157108E+04
                     8260    1.649409548000000E+03    2.128544318157108E+04
                     8270    1.651500259000000E+03    2.128544318157108E+04
                     8280    1.653447304000000E+03    2.128544318157108E+04
                     8290    1.655529430000000E+03    2.128544318157108E+04
                     8300    1.657570295000000E+03    2.128544318157108E+04
                     8310    1.659722862000000E+03    2.128544318157108E+04
                     8320    1.661664631000000E+03    2.128544318157108E+04
                     8330    1.663671721000000E+03    2.128544318157108E+04
                     8340    1.665624798000000E+03    2.128544318157108E+04
                     8350    1.667573288000000E+03    2.128544318157108E+04
                     8360    1.669615218000000E+03    2.128544318157108E+04
                     8370    1.671579183000000E+03    2.128544318157108E+04
                     8380    1.673686501000000E+03    2.128544318157108E+04
                     8390    1.675838287000000E+03    2.128544318157108E+04
                     8400    1.677847910000000E+03    2.128544318157108E+04
                     8410    1.679988207000000E+03    2.128544318157108E+04
                     8420    1.682000784000000E+03    2.128544318157108E+04
                     8430    1.683957945000000E+03    2.128544318157108E+04
                     8440    1.685884093000000E+03    2.128544318157108E+04
                     8450    1.687922698000000E+03    2.128544318157108E+04
                     8460    1.689870255000000E+03    2.128544318157108E+04
                     8470    1.691913777000000E+03    2.128544318157108E+04
                     8480    1.693877074000000E+03    2.128544318157108E+04
                     8490    1.696129713000000E+03    2.128544318157108E+04
                     8500    1.698317621000000E+03    2.128544318157108E+04
                     8510    1.700145367000000E+03    2.128544318157108E+04
                     8520    1.702160416000000E+03    2.128544318157108E+04
                     8530    1.704165575000000E+03    2.128544318157108E+04
                     8540    1.706283824000000E+03    2.128544318157108E+04
                     8550    1.708478596000000E+03    2.128544318157108E+04
                     8560    1.710645843000000E+03    2.128544318157108E+04
                     8570    1.712622453000000E+03    2.128544318157108E+04
                     8580    1.714618561000000E+03    2.128544318157108E+04
                     8590    1.716801421000000E+03    2.128544318157108E+04
                     8600    1.718631454000000E+03    2.128544318157108E+04
                     8610    1.720555347000000E+03    2.128544318157108E+04
                     8620    1.722605911000000E+03    2.128544318157108E+04
                     8630    1.724519354000000E+03    2.128544318157108E+04
                     8640    1.726616209000000E+03    2.128544318157108E+04
                     8650    1.728601092000000E+03    2.128544318157108E+04
                     8660    1.730405173000000E+03    2.128544318157108E+04
                     8670    1.732191280000000E+03    2.128544318157108E+04
                     8680    1.734189170000000E+03    2.128544318157108E+04
                     8690    1.736076548000000E+03    2.128544318157108E+04
                     8700    1.737960380000000E+03    2.128544318157108E+04
                     8710    1.739914032000000E+03    2.128544318157108E+04
                     8720    1.741811556000000E+03    2.128544318157108E+04
                     8730    1.743721456000000E+03    2.128544318157108E+04
                     8740    1.745664701000000E+03    2.128544318157108E+04
                     8750    1.747578450000000E+03    2.128544318157108E+04
                     8760    1.749565095000000E+03    2.128544318157108E+04
                     8770    1.751489776000000E+03    2.128544318157108E+04
                     8780    1.753311649000000E+03    2.128544318157108E+04
                     8790    1.755407772000000E+03    2.128544318157108E+04
                     8800    1.757469808000000E+03    2.128544318157108E+04
                     8810    1.759588015000000E+03    2.128544318157108E+04
                     8820    1.761673769000000E+03    2.128544318157108E+04
                     8830    1.763545005000000E+03    2.128544318157108E+04
                     8840    1.765569999000000E+03    2.128544318157108E+04
                     8850    1.767751689000000E+03    2.128544318157108E+04
                     8860    1.769631171000000E+03    2.128544318157108E+04
                     8870    1.771686262000000E+03    2.128544318157108E+04
                     8880    1.773507776000000E+03    2.128544318157108E+04
                     8890    1.775491264000000E+03    2.128544318157108E+04
                     8900    1.777547689000000E+03    2.128544318157108E+04
                     8910    1.779617856000000E+03    2.128544318157108E+04
                     8920    1.781716275000000E+03    2.128544318157108E+04
                     8930    1.783616395000000E+03    2.128544318157108E+04
                     8940    1.785436148000000E+03    2.128544318157108E+04
                     8950    1.787353812000000E+03    2.128544318157108E+04
                     8960    1.789251781000000E+03    2.128544318157108E+04
                     8970    1.791339208000000E+03    2.128544318157108E+04
                     8980    1.793344257000000E+03    2.128544318157108E+04
                     8990    1.795323155000000E+03    2.128544318157108E+04
                     9000    1.797449342000000E+03    2.128544318157108E+04
                     9010    1.799455253000000E+03    2.128544318157108E+04
                     9020    1.801373825000000E+03    2.128544318157108E+04
                     9030    1.803474959000000E+03    2.128544318157108E+04
                     9040    1.805660131000000E+03    2.128544318157108E+04
                     9050    1.807599711000000E+03    2.128544318157108E+04
                     9060    1.809728508000000E+03    2.128544318157108E+04
                     9070    1.811706967000000E+03    2.128544318157108E+04
                     9080    1.813768229000000E+03    2.128544318157108E+04
                     9090    1.815868777000000E+03    2.128544318157108E+04
                     9100    1.817994468000000E+03    2.128544318157108E+04
                     9110    1.819748530000000E+03    2.128544318157108E+04
                     9120    1.821884854000000E+03    2.128544318157108E+04
                     9130    1.823954604000000E+03    2.128544318157108E+04
                     9140    1.825740419000000E+03    2.128544318157108E+04
                     9150    1.827500699000000E+03    2.128544318157108E+04
                     9160    1.829371019000000E+03    2.128544318157108E+04
                     9170    1.831238775000000E+03    2.128544318157108E+04
                     9180    1.833111531000000E+03    2.128544318157108E+04
                     9190    1.834925637000000E+03    2.128544318157108E+04
                     9200    1.836877745000000E+03    2.128544318157108E+04
                     9210    1.839045692000000E+03    2.128544318157108E+04
                     9220    1.841203430000000E+03    2.128544318157108E+04
                     9230    1.843229753000000E+03    2.128544318157108E+04
                     9240    1.845425485000000E+03    2.128544318157108E+04
                     9250    1.847118656000000E+03    2.128544318157108E+04
                     9260    1.849248722000000E+03    2.128544318157108E+04
                     9270    1.851246838000000E+03    2.128544318157108E+04
                     9280    1.853311453000000E+03    2.128544318157108E+04
                     9290    1.855290645000000E+03    2.128544318157108E+04
                     9300    1.856990073000000E+03    2.128544318157108E+04
                     9310    1.858842218000000E+03    2.128544318157108E+04
                     9320    1.860789619000000E+03    2.128544318157108E+04
                     9330    1.862789673000000E+03    2.128544318157108E+04
                     9340    1.864769038000000E+03    2.128544318157108E+04
                     9350    1.866619941000000E+03    2.128544318157108E+04
                     9360    1.868512115000000E+03    2.128544318157108E+04
                     9370    1.870456373000000E+03    2.128544318157108E+04
                     9380    1.872500464000000E+03    2.128544318157108E+04
                     9390    1.874456607000000E+03    2.128544318157108E+04
                     9400    1.876503250000000E+03    2.128544318157108E+04
                     9410    1.878273987000000E+03    2.128544318157108E+04
                     9420    1.880288675000000E+03    2.128544318157108E+04
