#                 1000000                    lines
#       Iterationsschritt                     Zeit                <Fitness>
                        1    8.852160000000000E-01    1.668692303200526E+05
                       10    2.509916000000000E+00    1.109557654271670E+05
                       20    4.487579000000000E+00    4.881031842033783E+04
                       30    6.334917000000000E+00    4.078671903900316E+04
                       40    8.067192000000000E+00    3.918402856062027E+04
                       50    1.001534800000000E+01    3.758831795393109E+04
                       60    1.176580700000000E+01    3.619311748823606E+04
                       70    1.370469400000000E+01    3.489009771321266E+04
                       80    1.548629900000000E+01    3.308903429607477E+04
                       90    1.737207400000000E+01    3.211420093934565E+04
                      100    1.896991500000000E+01    3.106251456242797E+04
                      110    2.076204700000000E+01    3.021621331519010E+04
                      120    2.253619500000000E+01    2.968572480864199E+04
                      130    2.459960200000000E+01    2.936820177067473E+04
                      140    2.640041900000000E+01    2.925427207051431E+04
                      150    2.823103500000000E+01    2.882209360102802E+04
                      160    2.996950000000000E+01    2.849445332650884E+04
                      170    3.192199700000000E+01    2.837891130481174E+04
                      180    3.398909600000000E+01    2.736138689105980E+04
                      190    3.619246300000000E+01    2.733494223230919E+04
                      200    3.807664300000000E+01    2.753845111583127E+04
                      210    3.999657699999999E+01    2.807161384344620E+04
                      220    4.183752300000000E+01    2.797529578914038E+04
                      230    4.368291900000000E+01    2.765017849204275E+04
                      240    4.582389100000000E+01    2.782580447782670E+04
                      250    4.771238100000000E+01    2.734565626628620E+04
                      260    4.965676100000000E+01    2.659545844080603E+04
                      270    5.185865200000000E+01    2.616594175898550E+04
                      280    5.365515600000000E+01    2.560921839003658E+04
                      290    5.558419400000000E+01    2.552958918758984E+04
                      300    5.755552900000000E+01    2.569858719935508E+04
                      310    5.958163900000000E+01    2.586708571888987E+04
                      320    6.140392600000000E+01    2.576667341373685E+04
                      330    6.328063100000000E+01    2.560847746251515E+04
                      340    6.523348300000001E+01    2.525704765152796E+04
                      350    6.713661400000001E+01    2.521804872527680E+04
                      360    6.897044000000001E+01    2.507596684940145E+04
                      370    7.076997100000000E+01    2.495284998375521E+04
                      380    7.285977200000001E+01    2.504177574767695E+04
                      390    7.495674300000000E+01    2.507830718968813E+04
                      400    7.691720800000000E+01    2.458627945356179E+04
                      410    7.909164300000000E+01    2.474292372902199E+04
                      420    8.096142900000001E+01    2.478406936905926E+04
                      430    8.299157200000001E+01    2.479918328782664E+04
                      440    8.519468100000000E+01    2.483859438371426E+04
                      450    8.710320600000000E+01    2.502168285452612E+04
                      460    8.905024800000001E+01    2.489753630410131E+04
                      470    9.112557100000001E+01    2.472424472867669E+04
                      480    9.324096700000001E+01    2.497781699117545E+04
                      490    9.528610400000001E+01    2.506877149446181E+04
                      500    9.734973700000000E+01    2.525219025840671E+04
                      510    9.945421100000000E+01    2.495042117814656E+04
                      520    1.013861910000000E+02    2.502483946733201E+04
                      530    1.034558400000000E+02    2.460712601896025E+04
                      540    1.055250860000000E+02    2.407155177902905E+04
                      550    1.076530780000000E+02    2.384548025996301E+04
                      560    1.096956350000000E+02    2.424979479109153E+04
                      570    1.115174010000000E+02    2.422504713144561E+04
                      580    1.134292920000000E+02    2.452283397973670E+04
                      590    1.152727120000000E+02    2.437864997356778E+04
                      600    1.171471250000000E+02    2.450721300901172E+04
                      610    1.190098150000000E+02    2.424536234879061E+04
                      620    1.209769130000000E+02    2.447701638374173E+04
                      630    1.229083490000000E+02    2.430530373125956E+04
                      640    1.249278710000000E+02    2.404501312934756E+04
                      650    1.269912110000000E+02    2.418614061777576E+04
                      660    1.290323230000000E+02    2.411582684109119E+04
                      670    1.310241010000000E+02    2.401215938514033E+04
                      680    1.332208760000000E+02    2.414266219347079E+04
                      690    1.353233650000000E+02    2.427439368941499E+04
                      700    1.370991860000000E+02    2.437076626526094E+04
                      710    1.390079460000000E+02    2.429121802180424E+04
                      720    1.409772300000000E+02    2.462935398256990E+04
                      730    1.427517880000000E+02    2.441935254943059E+04
                      740    1.448648930000000E+02    2.426314030181560E+04
                      750    1.469145870000000E+02    2.425155346402949E+04
                      760    1.490641530000000E+02    2.417071748088918E+04
                      770    1.510130130000000E+02    2.404959935441689E+04
                      780    1.530037780000000E+02    2.432615672956510E+04
                      790    1.549599070000000E+02    2.433747435029946E+04
                      800    1.571242460000000E+02    2.406369622305109E+04
                      810    1.589138440000000E+02    2.389156490342000E+04
                      820    1.608597940000000E+02    2.418233307162507E+04
                      830    1.629918490000000E+02    2.377870709285807E+04
                      840    1.650059770000000E+02    2.379685003647279E+04
                      850    1.670909150000000E+02    2.380895998970135E+04
                      860    1.690727530000000E+02    2.375259571073363E+04
                      870    1.710054730000000E+02    2.388691281266913E+04
                      880    1.728697300000000E+02    2.380911215262949E+04
                      890    1.749025400000000E+02    2.399048383710492E+04
                      900    1.770436030000000E+02    2.415356466952683E+04
                      910    1.792751500000000E+02    2.413978102970986E+04
                      920    1.812696900000000E+02    2.426258004234313E+04
                      930    1.834351620000000E+02    2.382814703768054E+04
                      940    1.853730610000000E+02    2.387917992680605E+04
                      950    1.872038090000000E+02    2.410504387264554E+04
                      960    1.891951090000000E+02    2.394996197095776E+04
                      970    1.913275740000000E+02    2.410584297934301E+04
                      980    1.933046500000000E+02    2.412872536354454E+04
                      990    1.953021270000000E+02    2.383955755383613E+04
                     1000    1.973393680000000E+02    2.406334604709705E+04
                     1010    1.995020340000000E+02    2.424309211341223E+04
                     1020    2.014498390000000E+02    2.422062372055615E+04
                     1030    2.033791350000000E+02    2.425444665096445E+04
                     1040    2.051502410000000E+02    2.456434045930683E+04
                     1050    2.073194440000000E+02    2.433884121642342E+04
                     1060    2.095327840000000E+02    2.399545709438708E+04
                     1070    2.113598590000000E+02    2.406534188465837E+04
                     1080    2.131627920000000E+02    2.478719504750784E+04
                     1090    2.151760080000000E+02    2.472889166589475E+04
                     1100    2.169372810000000E+02    2.433937220154970E+04
                     1110    2.188755390000000E+02    2.418928778658460E+04
                     1120    2.209940870000000E+02    2.416881841398251E+04
                     1130    2.230566240000000E+02    2.424361011167534E+04
                     1140    2.248639780000000E+02    2.435767776080233E+04
                     1150    2.267405440000000E+02    2.412432045724482E+04
                     1160    2.286201520000000E+02    2.385535267331229E+04
                     1170    2.306502750000000E+02    2.338228258503845E+04
                     1180    2.325204130000000E+02    2.330792584133650E+04
                     1190    2.347241770000000E+02    2.345716789090610E+04
                     1200    2.367815910000000E+02    2.332787640047891E+04
                     1210    2.389142070000000E+02    2.323132075011324E+04
                     1220    2.407923300000000E+02    2.332848740921970E+04
                     1230    2.427699720000000E+02    2.363260047064008E+04
                     1240    2.446711690000000E+02    2.371459528255575E+04
                     1250    2.465945170000000E+02    2.339101589443781E+04
                     1260    2.487344180000000E+02    2.323358636417473E+04
                     1270    2.507630280000000E+02    2.327101491940281E+04
                     1280    2.529229110000000E+02    2.311380336620368E+04
                     1290    2.550335930000000E+02    2.308274243413593E+04
                     1300    2.570940960000000E+02    2.281967335363456E+04
                     1310    2.592081010000000E+02    2.279600889422066E+04
                     1320    2.613932040000000E+02    2.301005722970341E+04
                     1330    2.636322370000000E+02    2.322141904420614E+04
                     1340    2.656868350000000E+02    2.311235836217511E+04
                     1350    2.675903930000000E+02    2.313679346212703E+04
                     1360    2.693896190000000E+02    2.288717577740634E+04
                     1370    2.712535300000000E+02    2.300370954423782E+04
                     1380    2.731307820000000E+02    2.283475408701660E+04
                     1390    2.750374140000000E+02    2.289266700439915E+04
                     1400    2.771046950000000E+02    2.272418226334504E+04
                     1410    2.791656960000000E+02    2.266766856668130E+04
                     1420    2.810822390000000E+02    2.277672472938854E+04
                     1430    2.830801600000000E+02    2.302442925909251E+04
                     1440    2.851227180000000E+02    2.306400395846307E+04
                     1450    2.871732090000000E+02    2.286121757755029E+04
                     1460    2.891540300000000E+02    2.293699539298820E+04
                     1470    2.913137080000000E+02    2.317184830431217E+04
                     1480    2.931393870000000E+02    2.282645701291285E+04
                     1490    2.951846420000000E+02    2.295713761195449E+04
                     1500    2.972546010000000E+02    2.321939692455655E+04
                     1510    2.994253170000000E+02    2.277219439831294E+04
                     1520    3.014414950000000E+02    2.283978252441811E+04
                     1530    3.032792730000000E+02    2.305777788009165E+04
                     1540    3.053084080000000E+02    2.288723584312615E+04
                     1550    3.074469920000000E+02    2.310009493884824E+04
                     1560    3.091167480000000E+02    2.292178755442073E+04
                     1570    3.109072270000000E+02    2.310332832498699E+04
                     1580    3.127580430000000E+02    2.320564717941601E+04
                     1590    3.146272450000000E+02    2.298949411410173E+04
                     1600    3.167438040000000E+02    2.296827043043404E+04
                     1610    3.186950660000000E+02    2.320917297007579E+04
                     1620    3.206290320000000E+02    2.303509105378024E+04
                     1630    3.227270270000000E+02    2.322964217886294E+04
                     1640    3.246431110000000E+02    2.302814028358849E+04
                     1650    3.266938450000000E+02    2.318827908126939E+04
                     1660    3.287703300000000E+02    2.293168856818133E+04
                     1670    3.305631450000000E+02    2.287108921594531E+04
                     1680    3.323737320000000E+02    2.301352362986321E+04
                     1690    3.343073080000000E+02    2.293567416457774E+04
                     1700    3.362632870000000E+02    2.276816813325437E+04
                     1710    3.381677890000000E+02    2.290733291656064E+04
                     1720    3.398104870000000E+02    2.305799397629718E+04
                     1730    3.418978040000000E+02    2.292064228297550E+04
                     1740    3.439710710000000E+02    2.291090846910324E+04
                     1750    3.458832110000000E+02    2.283694368555625E+04
                     1760    3.478105160000000E+02    2.286001210680106E+04
                     1770    3.499551770000000E+02    2.298402274120078E+04
                     1780    3.517737850000000E+02    2.310828477770546E+04
                     1790    3.535914370000000E+02    2.285889006786083E+04
                     1800    3.556155030000000E+02    2.298395597631215E+04
                     1810    3.575116700000000E+02    2.311294060837894E+04
                     1820    3.595310640000000E+02    2.276498095528128E+04
                     1830    3.617125530000000E+02    2.306560477207981E+04
                     1840    3.635460240000000E+02    2.289052496007103E+04
                     1850    3.654771700000000E+02    2.265692232997280E+04
                     1860    3.673143170000000E+02    2.261013788486759E+04
                     1870    3.692800430000000E+02    2.290340110356366E+04
                     1880    3.712804550000000E+02    2.268354486686692E+04
                     1890    3.734370800000000E+02    2.281388521078092E+04
                     1900    3.755265370000000E+02    2.284944169840291E+04
                     1910    3.776041830000000E+02    2.333721858598605E+04
                     1920    3.795567060000000E+02    2.294337639163013E+04
                     1930    3.815470110000000E+02    2.291211410781279E+04
                     1940    3.836328210000000E+02    2.280984186020299E+04
                     1950    3.856617400000000E+02    2.281574612403529E+04
                     1960    3.874760510000000E+02    2.291899861773371E+04
                     1970    3.896437360000000E+02    2.293516546968285E+04
                     1980    3.918153960000000E+02    2.277030477486902E+04
                     1990    3.937545190000000E+02    2.293064682501434E+04
                     2000    3.956680240000000E+02    2.299125537458530E+04
                     2010    3.976091360000000E+02    2.304205236896344E+04
                     2020    3.996169960000000E+02    2.280499243578607E+04
                     2030    4.016797000000000E+02    2.312255952000855E+04
                     2040    4.036140710000000E+02    2.302834894808779E+04
                     2050    4.054456050000000E+02    2.277082515661274E+04
                     2060    4.075197590000000E+02    2.268156714886719E+04
                     2070    4.095709030000000E+02    2.289397273691508E+04
                     2080    4.116745200000000E+02    2.297720379766641E+04
                     2090    4.136726150000000E+02    2.339689122240544E+04
                     2100    4.158422720000000E+02    2.312544047655253E+04
                     2110    4.178109560000000E+02    2.290617945428637E+04
                     2120    4.195380750000000E+02    2.279683227928879E+04
                     2130    4.215467980000000E+02    2.305798737055061E+04
                     2140    4.237540510000000E+02    2.294842014950797E+04
                     2150    4.258732710000000E+02    2.294258199626750E+04
                     2160    4.277695950000000E+02    2.295293401370169E+04
                     2170    4.297291150000000E+02    2.325852352447306E+04
                     2180    4.318582230000000E+02    2.311510968941350E+04
                     2190    4.338950350000000E+02    2.327010240246179E+04
                     2200    4.356983550000000E+02    2.316429448678083E+04
                     2210    4.377436140000000E+02    2.312721337590872E+04
                     2220    4.398170800000000E+02    2.288567639338999E+04
                     2230    4.418126930000000E+02    2.294351991492090E+04
                     2240    4.438906520000000E+02    2.298806418934130E+04
                     2250    4.457570980000000E+02    2.297033771672265E+04
                     2260    4.477079590000000E+02    2.312097527609078E+04
                     2270    4.497094240000000E+02    2.294617912040008E+04
                     2280    4.515987670000000E+02    2.287452687226316E+04
                     2290    4.537168510000000E+02    2.290660125251281E+04
                     2300    4.557811500000000E+02    2.313468253628424E+04
                     2310    4.579150940000000E+02    2.312226811137899E+04
                     2320    4.599935120000000E+02    2.292869257052675E+04
                     2330    4.620478690000000E+02    2.304607179138193E+04
                     2340    4.639956620000000E+02    2.288413492805795E+04
                     2350    4.658899050000000E+02    2.284762908711949E+04
                     2360    4.678694580000000E+02    2.313245504861228E+04
                     2370    4.698541770000000E+02    2.299464092828523E+04
                     2380    4.716988810000000E+02    2.298017277300797E+04
                     2390    4.737342120000000E+02    2.308687413848910E+04
                     2400    4.758475350000000E+02    2.291167051681366E+04
                     2410    4.778079500000000E+02    2.284729815025683E+04
                     2420    4.799062600000000E+02    2.291249933876218E+04
                     2430    4.820633670000000E+02    2.302083066425727E+04
                     2440    4.840781410000000E+02    2.314173551189719E+04
                     2450    4.859798120000000E+02    2.297372999592930E+04
                     2460    4.878853700000000E+02    2.298450901979347E+04
                     2470    4.897990690000000E+02    2.307768103998656E+04
                     2480    4.916462450000000E+02    2.285829203061749E+04
                     2490    4.938149550000000E+02    2.300637107034470E+04
                     2500    4.957952640000000E+02    2.317047254119489E+04
                     2510    4.978018020000000E+02    2.303691313853287E+04
                     2520    4.997065720000000E+02    2.304800507461517E+04
                     2530    5.017042570000000E+02    2.304408584224939E+04
                     2540    5.037093760000000E+02    2.301694338697673E+04
                     2550    5.056844490000000E+02    2.305757299939897E+04
                     2560    5.076835880000000E+02    2.283630245179094E+04
                     2570    5.098720690000000E+02    2.294238491521000E+04
                     2580    5.120599989999999E+02    2.300077504422272E+04
                     2590    5.141695669999999E+02    2.291465326306633E+04
                     2600    5.162168740000000E+02    2.293574782653400E+04
                     2610    5.182790160000000E+02    2.286457381964388E+04
                     2620    5.202917150000000E+02    2.298568426840429E+04
                     2630    5.224573190000000E+02    2.303315185860052E+04
                     2640    5.244329279999999E+02    2.301989648086433E+04
                     2650    5.263583570000000E+02    2.319825297751879E+04
                     2660    5.282998960000000E+02    2.297949134546285E+04
                     2670    5.300978739999999E+02    2.294071011296032E+04
                     2680    5.319913759999999E+02    2.302176197967261E+04
                     2690    5.339724299999999E+02    2.324203808078748E+04
                     2700    5.359587530000000E+02    2.302744995839507E+04
                     2710    5.379658449999999E+02    2.297362867424633E+04
                     2720    5.401431379999999E+02    2.304384070350924E+04
                     2730    5.419753669999999E+02    2.330212799128732E+04
                     2740    5.439957879999999E+02    2.297896031921076E+04
                     2750    5.458824460000000E+02    2.301731301806046E+04
                     2760    5.478452589999999E+02    2.299991997512305E+04
                     2770    5.499063470000000E+02    2.286072918151469E+04
                     2780    5.517725569999999E+02    2.285040470427533E+04
                     2790    5.538560679999999E+02    2.280485077678051E+04
                     2800    5.560361829999999E+02    2.286546652342384E+04
                     2810    5.580360979999999E+02    2.275899135741164E+04
                     2820    5.597915079999999E+02    2.283247414907980E+04
                     2830    5.617769290000000E+02    2.289658318245374E+04
                     2840    5.636493610000000E+02    2.290227944816047E+04
                     2850    5.655072190000000E+02    2.316354065690140E+04
                     2860    5.674795019999999E+02    2.317809566801516E+04
                     2870    5.694055989999999E+02    2.288363995308618E+04
                     2880    5.712329719999999E+02    2.303478667907582E+04
                     2890    5.732005899999999E+02    2.302809529499187E+04
                     2900    5.750412439999999E+02    2.281515234837683E+04
                     2910    5.770261170000000E+02    2.296473962401350E+04
                     2920    5.791777629999999E+02    2.293114276547962E+04
                     2930    5.811205130000000E+02    2.311497635794425E+04
                     2940    5.831803930000000E+02    2.281908679805484E+04
                     2950    5.851169530000000E+02    2.339247896038379E+04
                     2960    5.869153719999999E+02    2.286071292917305E+04
                     2970    5.890889279999999E+02    2.284236948095628E+04
                     2980    5.911706409999999E+02    2.280645873676844E+04
                     2990    5.930886340000000E+02    2.298618093230627E+04
                     3000    5.950982550000000E+02    2.292851866505923E+04
                     3010    5.971995230000000E+02    2.295320248686918E+04
                     3020    5.991196249999999E+02    2.294759804582140E+04
                     3030    6.013170910000000E+02    2.301840034946545E+04
                     3040    6.031385070000000E+02    2.319147594033708E+04
                     3050    6.052629099999999E+02    2.309345769912357E+04
                     3060    6.072513709999999E+02    2.287805954679872E+04
                     3070    6.094713849999999E+02    2.310811058912714E+04
                     3080    6.115138979999999E+02    2.293678208105676E+04
                     3090    6.137560649999999E+02    2.306228557707054E+04
                     3100    6.156500480000000E+02    2.309778882645831E+04
                     3110    6.177443010000000E+02    2.290959246730447E+04
                     3120    6.197039689999999E+02    2.299453325760203E+04
                     3130    6.216740609999999E+02    2.342153858352507E+04
                     3140    6.235332300000000E+02    2.294916890382350E+04
                     3150    6.254572979999999E+02    2.290922060896702E+04
                     3160    6.274438889999999E+02    2.270081946710825E+04
                     3170    6.295290520000000E+02    2.307311021200616E+04
                     3180    6.314402829999999E+02    2.305887417139199E+04
                     3190    6.333911999999999E+02    2.300399131514254E+04
                     3200    6.354852599999999E+02    2.335845967123004E+04
                     3210    6.375371520000000E+02    2.299813026233745E+04
                     3220    6.397092269999999E+02    2.312288267081729E+04
                     3230    6.417504029999999E+02    2.319829831909983E+04
                     3240    6.439661030000000E+02    2.277567406090721E+04
                     3250    6.461959280000000E+02    2.298826163436470E+04
                     3260    6.483201640000000E+02    2.279674783476962E+04
                     3270    6.502302989999999E+02    2.290411180977955E+04
                     3280    6.522831649999999E+02    2.272954571749403E+04
                     3290    6.541177889999999E+02    2.274135438997050E+04
                     3300    6.560785689999999E+02    2.294862197480750E+04
                     3310    6.578305590000000E+02    2.309588915719162E+04
                     3320    6.599180610000000E+02    2.300595642634877E+04
                     3330    6.620913389999999E+02    2.306483327324103E+04
                     3340    6.642077019999999E+02    2.259049160254382E+04
                     3350    6.663590839999999E+02    2.283531161005406E+04
                     3360    6.685430970000000E+02    2.274555052019849E+04
                     3370    6.706036580000000E+02    2.290147300425790E+04
                     3380    6.725347849999999E+02    2.286296722861839E+04
                     3390    6.744678160000000E+02    2.307690287036534E+04
                     3400    6.762920009999999E+02    2.299857189863737E+04
                     3410    6.783463869999999E+02    2.283512830043547E+04
                     3420    6.803460849999999E+02    2.323141353857757E+04
                     3430    6.823331430000000E+02    2.300713042497521E+04
                     3440    6.845232030000000E+02    2.326985299628671E+04
                     3450    6.866375290000000E+02    2.301308154888592E+04
                     3460    6.885161230000000E+02    2.290936019946587E+04
                     3470    6.903692249999999E+02    2.291571589804065E+04
                     3480    6.925369459999999E+02    2.282765152154441E+04
                     3490    6.943339179999999E+02    2.283523922713233E+04
                     3500    6.961340540000000E+02    2.287338498433283E+04
                     3510    6.981433209999999E+02    2.323978645270892E+04
                     3520    7.000920599999999E+02    2.351220940673239E+04
                     3530    7.021957299999999E+02    2.318649682476080E+04
                     3540    7.040907659999999E+02    2.306281264853258E+04
                     3550    7.060767679999999E+02    2.321380748599974E+04
                     3560    7.078935769999999E+02    2.314965010494889E+04
                     3570    7.098511319999999E+02    2.305397169563698E+04
                     3580    7.120724289999999E+02    2.286552898870843E+04
                     3590    7.142483830000000E+02    2.290933282959751E+04
                     3600    7.163577720000000E+02    2.298170378973441E+04
                     3610    7.185088479999999E+02    2.293868927818184E+04
                     3620    7.202931669999999E+02    2.300211398595617E+04
                     3630    7.223615520000000E+02    2.297254811192836E+04
                     3640    7.245429280000000E+02    2.297932765993459E+04
                     3650    7.266121660000000E+02    2.304364081455886E+04
                     3660    7.285658060000000E+02    2.304034304813494E+04
                     3670    7.307372300000000E+02    2.281311624608733E+04
                     3680    7.328494360000000E+02    2.282405199347279E+04
                     3690    7.348366179999999E+02    2.307251608809331E+04
                     3700    7.368249750000000E+02    2.316281218812111E+04
                     3710    7.388626800000000E+02    2.290350020222899E+04
                     3720    7.408767200000000E+02    2.315800789404594E+04
                     3730    7.426855589999999E+02    2.301904401940335E+04
                     3740    7.446806110000000E+02    2.283329617878752E+04
                     3750    7.466949030000000E+02    2.307829886432053E+04
                     3760    7.484545879999999E+02    2.328615225782596E+04
                     3770    7.506333589999999E+02    2.293513731920625E+04
                     3780    7.525927330000000E+02    2.298054047628055E+04
                     3790    7.544737020000000E+02    2.280288106423589E+04
                     3800    7.566456119999999E+02    2.312900796222507E+04
                     3810    7.586132020000000E+02    2.321555503134230E+04
                     3820    7.606866829999999E+02    2.297355733322135E+04
                     3830    7.624791680000000E+02    2.299159137762520E+04
                     3840    7.644608149999999E+02    2.311984611225424E+04
                     3850    7.664070170000000E+02    2.282155478461280E+04
                     3860    7.685541440000000E+02    2.289603329259088E+04
                     3870    7.706721799999999E+02    2.309621638130085E+04
                     3880    7.724966410000000E+02    2.291721691284495E+04
                     3890    7.745156320000000E+02    2.305531265878656E+04
                     3900    7.763869699999999E+02    2.294735821118778E+04
                     3910    7.785435910000000E+02    2.296967220764923E+04
                     3920    7.806264480000000E+02    2.275825943196760E+04
                     3930    7.827072210000000E+02    2.302420515170983E+04
                     3940    7.846306699999999E+02    2.276472686180449E+04
                     3950    7.867200829999999E+02    2.288394044201981E+04
                     3960    7.886225029999999E+02    2.279031905732189E+04
                     3970    7.904096919999999E+02    2.308330867502226E+04
                     3980    7.924310429999999E+02    2.289349961419275E+04
                     3990    7.945110340000000E+02    2.298436232503524E+04
                     4000    7.965381209999999E+02    2.316730436829767E+04
                     4010    7.982499620000000E+02    2.306797045503248E+04
                     4020    8.002844520000000E+02    2.313907357366833E+04
                     4030    8.022721929999999E+02    2.288476501044540E+04
                     4040    8.041972059999999E+02    2.268773804242037E+04
                     4050    8.063131959999999E+02    2.266591838615180E+04
                     4060    8.082828179999999E+02    2.258401212391669E+04
                     4070    8.102466660000000E+02    2.260787508763772E+04
                     4080    8.124554969999999E+02    2.261265088110703E+04
                     4090    8.144537079999999E+02    2.299991610079769E+04
                     4100    8.163529679999999E+02    2.270478489547163E+04
                     4110    8.183968940000000E+02    2.281574502376814E+04
                     4120    8.201553009999999E+02    2.285223638620623E+04
                     4130    8.221366019999999E+02    2.275025251509202E+04
                     4140    8.241311159999999E+02    2.278582936087712E+04
                     4150    8.262143030000000E+02    2.266511214076909E+04
                     4160    8.280709589999999E+02    2.283909615032297E+04
                     4170    8.298720340000000E+02    2.272243086198481E+04
                     4180    8.318640009999999E+02    2.291779225557584E+04
                     4190    8.339655560000000E+02    2.301602322625536E+04
                     4200    8.358291300000000E+02    2.281765665179944E+04
                     4210    8.378515689999999E+02    2.290352327430866E+04
                     4220    8.399986050000000E+02    2.287735743317195E+04
                     4230    8.421305420000000E+02    2.264155118628870E+04
                     4240    8.441750330000000E+02    2.279973171688804E+04
                     4250    8.463759470000000E+02    2.265742265883995E+04
                     4260    8.484400390000000E+02    2.273499717716601E+04
                     4270    8.503235780000000E+02    2.261421911060274E+04
                     4280    8.524460519999999E+02    2.268259277292796E+04
                     4290    8.544521450000000E+02    2.265365595187070E+04
                     4300    8.564165959999999E+02    2.276033883080766E+04
                     4310    8.583777319999999E+02    2.250855156338463E+04
                     4320    8.606263650000000E+02    2.287543703457830E+04
                     4330    8.626325230000000E+02    2.281991420723298E+04
                     4340    8.647067179999999E+02    2.285609044946582E+04
                     4350    8.665379640000000E+02    2.284417487090616E+04
                     4360    8.685639369999999E+02    2.282104994615680E+04
                     4370    8.706212760000000E+02    2.275802055900540E+04
                     4380    8.726563749999999E+02    2.268105634719647E+04
                     4390    8.747348959999999E+02    2.263148311965446E+04
                     4400    8.769953210000000E+02    2.256479285799921E+04
                     4410    8.791123660000000E+02    2.279386768538342E+04
                     4420    8.809298000000000E+02    2.270388691688368E+04
                     4430    8.830991120000000E+02    2.292913383055387E+04
                     4440    8.849273549999999E+02    2.262529538307771E+04
                     4450    8.865923720000000E+02    2.285265135233563E+04
                     4460    8.887445279999999E+02    2.312264018265849E+04
                     4470    8.907218959999999E+02    2.264699410387352E+04
                     4480    8.929107759999999E+02    2.292982428322364E+04
                     4490    8.948276569999999E+02    2.271266828264605E+04
                     4500    8.967165759999999E+02    2.273342895158700E+04
                     4510    8.985080929999999E+02    2.268663938939588E+04
                     4520    9.005907299999999E+02    2.307429725072855E+04
                     4530    9.024876350000000E+02    2.259619165596559E+04
                     4540    9.045896909999999E+02    2.283166496539180E+04
                     4550    9.065080349999999E+02    2.268751778097917E+04
                     4560    9.084797129999999E+02    2.266031097665098E+04
                     4570    9.107245740000000E+02    2.288553214863926E+04
                     4580    9.128201680000000E+02    2.281584720871562E+04
                     4590    9.149005820000000E+02    2.268888721902138E+04
                     4600    9.169664479999999E+02    2.273558016517682E+04
                     4610    9.190785470000000E+02    2.263392962899881E+04
                     4620    9.209362440000000E+02    2.259804327129837E+04
                     4630    9.229999280000000E+02    2.269958066309985E+04
                     4640    9.249118629999999E+02    2.268319041315394E+04
                     4650    9.268051300000000E+02    2.275084682697353E+04
                     4660    9.287430479999999E+02    2.298508119944852E+04
                     4670    9.307315219999999E+02    2.254112134340933E+04
                     4680    9.328182780000000E+02    2.267523488706315E+04
                     4690    9.347827890000000E+02    2.274203369271736E+04
                     4700    9.370301370000000E+02    2.264866542627650E+04
                     4710    9.392109140000000E+02    2.281840342754074E+04
                     4720    9.412479039999999E+02    2.275864471239345E+04
                     4730    9.432755380000000E+02    2.311105307006156E+04
                     4740    9.453045229999999E+02    2.259481741565001E+04
                     4750    9.473127639999999E+02    2.274092786116182E+04
                     4760    9.490366369999999E+02    2.292932820622124E+04
                     4770    9.510587869999999E+02    2.263356874922355E+04
                     4780    9.531378440000000E+02    2.255472530449790E+04
                     4790    9.550754360000000E+02    2.256696559433121E+04
                     4800    9.569204970000000E+02    2.273506191521387E+04
                     4810    9.589793320000000E+02    2.269882329160201E+04
                     4820    9.608429400000000E+02    2.264741705064645E+04
                     4830    9.629371659999999E+02    2.254075216674559E+04
                     4840    9.649275070000000E+02    2.281110462966639E+04
                     4850    9.668577730000000E+02    2.287516226664733E+04
                     4860    9.689593209999999E+02    2.286494831046238E+04
                     4870    9.709261610000000E+02    2.273150919277007E+04
                     4880    9.730574160000000E+02    2.266012737072819E+04
                     4890    9.750318930000000E+02    2.282554860859171E+04
                     4900    9.771379720000000E+02    2.277078522467018E+04
                     4910    9.791693779999999E+02    2.275721752287878E+04
                     4920    9.812881749999999E+02    2.269179272742352E+04
                     4930    9.833774619999999E+02    2.284722532902918E+04
                     4940    9.853319110000000E+02    2.285206966745737E+04
                     4950    9.872961379999999E+02    2.267041265473985E+04
                     4960    9.891115110000000E+02    2.281960416347380E+04
                     4970    9.912018619999999E+02    2.291997191178036E+04
                     4980    9.930239009999999E+02    2.280355257266548E+04
                     4990    9.949018639999999E+02    2.265887822226708E+04
                     5000    9.969634860000000E+02    2.277124393205886E+04
                     5010    9.992261169999999E+02    2.268094598794901E+04
                     5020    1.001337435000000E+03    2.276805410181001E+04
                     5030    1.003315259000000E+03    2.290946511407267E+04
                     5040    1.005392405000000E+03    2.292056642938953E+04
                     5050    1.007486675000000E+03    2.267007869432352E+04
                     5060    1.009476763000000E+03    2.267566257180227E+04
                     5070    1.011529983000000E+03    2.295938112309881E+04
                     5080    1.013509508000000E+03    2.261732042096621E+04
                     5090    1.015490901000000E+03    2.285787026840252E+04
                     5100    1.017614199000000E+03    2.278198234903533E+04
                     5110    1.019447471000000E+03    2.263494244253978E+04
                     5120    1.021485133000000E+03    2.269804543903491E+04
                     5130    1.023461570000000E+03    2.278612231123877E+04
                     5140    1.025720475000000E+03    2.280960016100918E+04
                     5150    1.027657618000000E+03    2.302418216767706E+04
                     5160    1.029677430000000E+03    2.278925360487866E+04
                     5170    1.031822291000000E+03    2.279652060228161E+04
                     5180    1.033929375000000E+03    2.275029550986599E+04
                     5190    1.036054756000000E+03    2.283132015484934E+04
                     5200    1.037957445000000E+03    2.267837757648655E+04
                     5210    1.039915538000000E+03    2.274471494076301E+04
                     5220    1.041777354000000E+03    2.260078580609298E+04
                     5230    1.043684387000000E+03    2.254197040310015E+04
                     5240    1.045700513000000E+03    2.287827325316387E+04
                     5250    1.047749275000000E+03    2.271030451195843E+04
                     5260    1.049673614000000E+03    2.286705860824493E+04
                     5270    1.051741000000000E+03    2.275807614565535E+04
                     5280    1.053682330000000E+03    2.278458898483630E+04
                     5290    1.055598174000000E+03    2.268093286034863E+04
                     5300    1.057752242000000E+03    2.281594239282364E+04
                     5310    1.059800507000000E+03    2.265763159506719E+04
                     5320    1.061817052000000E+03    2.281203896694289E+04
                     5330    1.063655355000000E+03    2.272806005224340E+04
                     5340    1.065786562000000E+03    2.289628653122484E+04
                     5350    1.067904848000000E+03    2.276933522478259E+04
                     5360    1.069942644000000E+03    2.285061114460836E+04
                     5370    1.072138674000000E+03    2.271100801472216E+04
                     5380    1.074113205000000E+03    2.282778923185797E+04
                     5390    1.075980496000000E+03    2.289117420809824E+04
                     5400    1.077841545000000E+03    2.273462590556845E+04
                     5410    1.079876717000000E+03    2.269414455032372E+04
                     5420    1.081817069000000E+03    2.302743351073151E+04
                     5430    1.083765391000000E+03    2.276938639268412E+04
                     5440    1.085813653000000E+03    2.286314018719527E+04
                     5450    1.087617106000000E+03    2.267617867588892E+04
                     5460    1.089634112000000E+03    2.282858100772052E+04
                     5470    1.091651091000000E+03    2.288990851425713E+04
                     5480    1.093463257000000E+03    2.251391213180113E+04
                     5490    1.095348245000000E+03    2.285341115082203E+04
                     5500    1.097338628000000E+03    2.269568241861472E+04
                     5510    1.099223846000000E+03    2.297499303482482E+04
                     5520    1.101334002000000E+03    2.278706110895962E+04
                     5530    1.103190886000000E+03    2.286378765729761E+04
                     5540    1.105135647000000E+03    2.296597177267391E+04
                     5550    1.107415021000000E+03    2.271701780855576E+04
                     5560    1.109360049000000E+03    2.302703610810396E+04
                     5570    1.111422763000000E+03    2.287491003945215E+04
                     5580    1.113387036000000E+03    2.270989944304421E+04
                     5590    1.115339208000000E+03    2.284439378298244E+04
                     5600    1.117112125000000E+03    2.262680129006007E+04
                     5610    1.119060951000000E+03    2.284581957810537E+04
                     5620    1.120987612000000E+03    2.278862030266344E+04
                     5630    1.123146481000000E+03    2.263634158704535E+04
                     5640    1.125070958000000E+03    2.260378841457414E+04
                     5650    1.126973694000000E+03    2.262817529808926E+04
                     5660    1.129131420000000E+03    2.290046359921171E+04
                     5670    1.131029102000000E+03    2.263215669028729E+04
                     5680    1.133020088000000E+03    2.272631193491070E+04
                     5690    1.135013790000000E+03    2.280207359729528E+04
                     5700    1.137229078000000E+03    2.273023650120563E+04
                     5710    1.139310802000000E+03    2.271902516015284E+04
                     5720    1.141347781000000E+03    2.257838861867724E+04
                     5730    1.143335985000000E+03    2.274892574127252E+04
                     5740    1.145529089000000E+03    2.260430174846322E+04
                     5750    1.147508158000000E+03    2.266104222597975E+04
                     5760    1.149609274000000E+03    2.282640049275589E+04
                     5770    1.151780804000000E+03    2.280611738979737E+04
                     5780    1.153780468000000E+03    2.259174262258500E+04
                     5790    1.155901856000000E+03    2.279976568087572E+04
                     5800    1.157903966000000E+03    2.271072586601233E+04
                     5810    1.159868792000000E+03    2.274150519651482E+04
                     5820    1.161940147000000E+03    2.286944419022692E+04
                     5830    1.163923854000000E+03    2.293386476566907E+04
                     5840    1.165947326000000E+03    2.305982379504784E+04
                     5850    1.167826064000000E+03    2.273709664532557E+04
                     5860    1.169990126000000E+03    2.284992109894980E+04
                     5870    1.171962271000000E+03    2.263149271131989E+04
                     5880    1.173978472000000E+03    2.268793896809489E+04
                     5890    1.176142759000000E+03    2.277531490653707E+04
                     5900    1.178105362000000E+03    2.278649664356730E+04
                     5910    1.180157637000000E+03    2.295422464060774E+04
                     5920    1.182129298000000E+03    2.284357267735698E+04
                     5930    1.184073313000000E+03    2.292746172364618E+04
                     5940    1.186107671000000E+03    2.299389076618749E+04
                     5950    1.187932692000000E+03    2.287594107740695E+04
                     5960    1.189879141000000E+03    2.291763614263765E+04
                     5970    1.191949729000000E+03    2.292061158658604E+04
                     5980    1.193790298000000E+03    2.295448320519507E+04
                     5990    1.195795127000000E+03    2.274142387318865E+04
                     6000    1.197715852000000E+03    2.265122547479377E+04
                     6010    1.199537641000000E+03    2.267798024727841E+04
                     6020    1.201685031000000E+03    2.278939755796282E+04
                     6030    1.203725108000000E+03    2.311049003103547E+04
                     6040    1.205583892000000E+03    2.300560342700069E+04
                     6050    1.207614180000000E+03    2.318674277821050E+04
                     6060    1.209682711000000E+03    2.319696670550438E+04
                     6070    1.211607008000000E+03    2.312989537751545E+04
                     6080    1.213440929000000E+03    2.294985904276648E+04
                     6090    1.215458087000000E+03    2.313293411575325E+04
                     6100    1.217396679000000E+03    2.327415119234348E+04
                     6110    1.219288755000000E+03    2.313588878580966E+04
                     6120    1.221377963000000E+03    2.311133946245799E+04
                     6130    1.223281897000000E+03    2.284865676048347E+04
                     6140    1.225308512000000E+03    2.297786737811538E+04
                     6150    1.227343704000000E+03    2.297032821142188E+04
                     6160    1.229322292000000E+03    2.322003758784933E+04
                     6170    1.231295758000000E+03    2.312904934162975E+04
                     6180    1.233301363000000E+03    2.296060672502827E+04
                     6190    1.235212400000000E+03    2.283474484937769E+04
                     6200    1.237160991000000E+03    2.299594021522784E+04
                     6210    1.239224259000000E+03    2.273230746388172E+04
                     6220    1.241294878000000E+03    2.282758293146081E+04
                     6230    1.243437723000000E+03    2.297708530217311E+04
                     6240    1.245327007000000E+03    2.285067333198498E+04
                     6250    1.247529677000000E+03    2.287240597869753E+04
                     6260    1.249501181000000E+03    2.299384939894708E+04
                     6270    1.251689757000000E+03    2.266722611760780E+04
                     6280    1.253475403000000E+03    2.286927401732374E+04
                     6290    1.255325159000000E+03    2.307907163865713E+04
                     6300    1.257356544000000E+03    2.287136687750701E+04
                     6310    1.259457579000000E+03    2.288911013987387E+04
                     6320    1.261351230000000E+03    2.273491905204922E+04
                     6330    1.263512647000000E+03    2.292847845208627E+04
                     6340    1.265636423000000E+03    2.280921116399151E+04
                     6350    1.267866930000000E+03    2.263517598206447E+04
                     6360    1.269973247000000E+03    2.264029665788667E+04
                     6370    1.271994654000000E+03    2.274935148167959E+04
                     6380    1.274055211000000E+03    2.296202555055318E+04
                     6390    1.275840036000000E+03    2.294763997553380E+04
                     6400    1.277880657000000E+03    2.293268528385841E+04
                     6410    1.280123068000000E+03    2.292315087170247E+04
                     6420    1.282242737000000E+03    2.276836239730275E+04
                     6430    1.284178066000000E+03    2.270210684189943E+04
                     6440    1.286269224000000E+03    2.288454141325908E+04
                     6450    1.288075533000000E+03    2.272673224360228E+04
                     6460    1.290121630000000E+03    2.262178975296440E+04
                     6470    1.292233080000000E+03    2.286843031170174E+04
                     6480    1.294018588000000E+03    2.281095284801657E+04
                     6490    1.295787577000000E+03    2.306256113548139E+04
                     6500    1.297737830000000E+03    2.248796157943955E+04
                     6510    1.299801212000000E+03    2.273333418847129E+04
                     6520    1.301740562000000E+03    2.287056248266108E+04
                     6530    1.303589905000000E+03    2.296604381347982E+04
                     6540    1.305441346000000E+03    2.280564108424140E+04
                     6550    1.307360178000000E+03    2.282058107789116E+04
                     6560    1.309410990000000E+03    2.288964315824299E+04
                     6570    1.311443029000000E+03    2.308182908365473E+04
                     6580    1.313454756000000E+03    2.303414979221145E+04
                     6590    1.315314865000000E+03    2.274471184814861E+04
                     6600    1.317519936000000E+03    2.300181684326430E+04
                     6610    1.319354698000000E+03    2.277919383498715E+04
                     6620    1.321523765000000E+03    2.275722450021102E+04
                     6630    1.323631087000000E+03    2.278864892684572E+04
                     6640    1.325778979000000E+03    2.302661537363345E+04
                     6650    1.327739481000000E+03    2.291038969724040E+04
                     6660    1.329879613000000E+03    2.287735912455629E+04
                     6670    1.331877264000000E+03    2.283339596126989E+04
                     6680    1.333823280000000E+03    2.305066897447214E+04
                     6690    1.335990381000000E+03    2.299976981006471E+04
                     6700    1.337957529000000E+03    2.287692288234674E+04
                     6710    1.339904604000000E+03    2.275636180278979E+04
                     6720    1.342038426000000E+03    2.292819042988829E+04
                     6730    1.344062486000000E+03    2.278576029836293E+04
                     6740    1.346250617000000E+03    2.285849107483098E+04
                     6750    1.348368042000000E+03    2.269153622464606E+04
                     6760    1.350502063000000E+03    2.265102542662030E+04
                     6770    1.352505431000000E+03    2.263179054288977E+04
                     6780    1.354380892000000E+03    2.291467460458441E+04
                     6790    1.356294699000000E+03    2.295682028559775E+04
                     6800    1.358372506000000E+03    2.274218259590766E+04
                     6810    1.360578824000000E+03    2.263816476089742E+04
                     6820    1.362700373000000E+03    2.274688051787746E+04
                     6830    1.364602616000000E+03    2.285866466440430E+04
                     6840    1.366429624000000E+03    2.260174011013416E+04
                     6850    1.368648738000000E+03    2.278923683097231E+04
                     6860    1.370765074000000E+03    2.269620012412982E+04
                     6870    1.372638532000000E+03    2.284606968063440E+04
                     6880    1.374756313000000E+03    2.280007731598490E+04
                     6890    1.376977767000000E+03    2.270940386978292E+04
                     6900    1.378980268000000E+03    2.286645201990106E+04
                     6910    1.381021428000000E+03    2.316669217552443E+04
                     6920    1.383052766000000E+03    2.277421403564180E+04
                     6930    1.384941628000000E+03    2.280324435480644E+04
                     6940    1.386860496000000E+03    2.292632949903182E+04
                     6950    1.388782671000000E+03    2.265269897548478E+04
                     6960    1.390614259000000E+03    2.265728771053748E+04
                     6970    1.392534947000000E+03    2.264497192903181E+04
                     6980    1.394628881000000E+03    2.283074281088973E+04
                     6990    1.396717258000000E+03    2.299575649553673E+04
                     7000    1.398878976000000E+03    2.273787387343281E+04
                     7010    1.400969519000000E+03    2.269594966454000E+04
                     7020    1.402878856000000E+03    2.272780439728055E+04
                     7030    1.405026810000000E+03    2.250149861682063E+04
                     7040    1.407009376000000E+03    2.296782739808301E+04
                     7050    1.408874108000000E+03    2.276595333896686E+04
                     7060    1.410821143000000E+03    2.304800633988914E+04
                     7070    1.412649051000000E+03    2.303452957983088E+04
                     7080    1.414486532000000E+03    2.263867722670350E+04
                     7090    1.416521663000000E+03    2.252494273301120E+04
                     7100    1.418545200000000E+03    2.253887628952943E+04
                     7110    1.420465912000000E+03    2.276459511823485E+04
                     7120    1.422331656000000E+03    2.262605524547023E+04
                     7130    1.424525148000000E+03    2.258674554082812E+04
                     7140    1.426604850000000E+03    2.258033602746660E+04
                     7150    1.428449541000000E+03    2.293801048210324E+04
                     7160    1.430623272000000E+03    2.297184485008916E+04
                     7170    1.432660748000000E+03    2.277194448260291E+04
                     7180    1.434771036000000E+03    2.276777090961522E+04
                     7190    1.436877036000000E+03    2.262999917098938E+04
                     7200    1.438914260000000E+03    2.279960093777716E+04
                     7210    1.440910034000000E+03    2.286944011245915E+04
                     7220    1.442921726000000E+03    2.269176312689200E+04
                     7230    1.444933865000000E+03    2.271042116482391E+04
                     7240    1.446974494000000E+03    2.271682558376670E+04
                     7250    1.448802776000000E+03    2.291750057307311E+04
                     7260    1.450799740000000E+03    2.293708587205473E+04
                     7270    1.452987773000000E+03    2.259850154591087E+04
                     7280    1.454813029000000E+03    2.287108046061147E+04
                     7290    1.456655116000000E+03    2.257789490564509E+04
                     7300    1.458521203000000E+03    2.293101160380460E+04
                     7310    1.460570203000000E+03    2.268509674167038E+04
                     7320    1.462579858000000E+03    2.273530457328980E+04
                     7330    1.464741121000000E+03    2.299679284841382E+04
                     7340    1.466769153000000E+03    2.274138827085373E+04
                     7350    1.468785811000000E+03    2.259669923388067E+04
                     7360    1.470602115000000E+03    2.297834411973286E+04
                     7370    1.472521375000000E+03    2.307968066865112E+04
                     7380    1.474439553000000E+03    2.316630727998920E+04
                     7390    1.476449967000000E+03    2.311053182758652E+04
                     7400    1.478426723000000E+03    2.342646654007946E+04
                     7410    1.480514985000000E+03    2.326899929974925E+04
                     7420    1.482659981000000E+03    2.365789621117213E+04
                     7430    1.484403876000000E+03    2.385798669516158E+04
                     7440    1.486623985000000E+03    2.343063581375933E+04
                     7450    1.488435957000000E+03    2.279070682095736E+04
                     7460    1.490235772000000E+03    2.288139294619919E+04
                     7470    1.492055038000000E+03    2.321667892022900E+04
                     7480    1.494098296000000E+03    2.315353303315854E+04
                     7490    1.495952904000000E+03    2.298696287691407E+04
                     7500    1.497952697000000E+03    2.305774285940467E+04
                     7510    1.499887918000000E+03    2.266212503697892E+04
                     7520    1.501704670000000E+03    2.290936599201057E+04
                     7530    1.503771358000000E+03    2.279645039244301E+04
                     7540    1.505959117000000E+03    2.287058463998226E+04
                     7550    1.508000905000000E+03    2.269563727907858E+04
                     7560    1.509918157000000E+03    2.261095778368903E+04
                     7570    1.511712796000000E+03    2.268863998281351E+04
                     7580    1.513762504000000E+03    2.266934389884450E+04
                     7590    1.515787158000000E+03    2.268819364940050E+04
                     7600    1.517497350000000E+03    2.284271166597578E+04
                     7610    1.519250422000000E+03    2.268284612640693E+04
                     7620    1.521394756000000E+03    2.284021796613142E+04
                     7630    1.523400090000000E+03    2.254867473090381E+04
                     7640    1.525397718000000E+03    2.285999102965771E+04
                     7650    1.527471878000000E+03    2.274638915896300E+04
                     7660    1.529456946000000E+03    2.270233561206266E+04
                     7670    1.531598566000000E+03    2.284108843293793E+04
                     7680    1.533366725000000E+03    2.258952876075172E+04
                     7690    1.535233888000000E+03    2.276829761915777E+04
                     7700    1.537232105000000E+03    2.277841530710468E+04
                     7710    1.538995618000000E+03    2.270025163073016E+04
                     7720    1.541003348000000E+03    2.275527454868281E+04
                     7730    1.542977094000000E+03    2.288500583921242E+04
                     7740    1.544873601000000E+03    2.266110059369029E+04
                     7750    1.546595532000000E+03    2.283767949333125E+04
                     7760    1.548581548000000E+03    2.271335067157805E+04
                     7770    1.550581599000000E+03    2.267041338458372E+04
                     7780    1.552448551000000E+03    2.252424506184191E+04
                     7790    1.554396236000000E+03    2.274313563395289E+04
                     7800    1.556483481000000E+03    2.280960432706000E+04
                     7810    1.558549652000000E+03    2.278728431402885E+04
                     7820    1.560646363000000E+03    2.281654552003126E+04
                     7830    1.562639215000000E+03    2.270569391053347E+04
                     7840    1.564513773000000E+03    2.279864146711808E+04
                     7850    1.566471158000000E+03    2.288626419058185E+04
                     7860    1.568652266000000E+03    2.276560466093471E+04
                     7870    1.570760219000000E+03    2.273559226593463E+04
                     7880    1.572728926000000E+03    2.253981835902983E+04
                     7890    1.574641719000000E+03    2.253160679845110E+04
                     7900    1.576780050000000E+03    2.282974458677022E+04
                     7910    1.578730078000000E+03    2.274363881642299E+04
                     7920    1.580679835000000E+03    2.276246948357238E+04
                     7930    1.582605658000000E+03    2.251767380240492E+04
                     7940    1.584651326000000E+03    2.277344443890616E+04
                     7950    1.586646670000000E+03    2.259495492733582E+04
                     7960    1.588790463000000E+03    2.270884687882702E+04
                     7970    1.590757355000000E+03    2.268117778081088E+04
                     7980    1.592897061000000E+03    2.266526723328085E+04
                     7990    1.594952834000000E+03    2.268893374611773E+04
                     8000    1.596940531000000E+03    2.266965711794330E+04
                     8010    1.599037729000000E+03    2.320244040435692E+04
                     8020    1.601017674000000E+03    2.296996180457104E+04
                     8030    1.603014703000000E+03    2.291849632329650E+04
                     8040    1.605173802000000E+03    2.348687366162980E+04
                     8050    1.607372938000000E+03    2.328756510934505E+04
                     8060    1.609535670000000E+03    2.301859243571348E+04
                     8070    1.611490485000000E+03    2.259597237076921E+04
                     8080    1.613476781000000E+03    2.282496960704913E+04
                     8090    1.615549135000000E+03    2.264696578433907E+04
                     8100    1.617574306000000E+03    2.264069932909974E+04
                     8110    1.619278602000000E+03    2.271958455479556E+04
                     8120    1.621188727000000E+03    2.297671142637586E+04
                     8130    1.623156565000000E+03    2.293421139484920E+04
                     8140    1.625223346000000E+03    2.288911884704757E+04
                     8150    1.627177295000000E+03    2.287516710365486E+04
                     8160    1.628997896000000E+03    2.304386319700120E+04
                     8170    1.630830491000000E+03    2.316240644538485E+04
                     8180    1.632948033000000E+03    2.299613982938589E+04
                     8190    1.635064581000000E+03    2.282551632524010E+04
                     8200    1.637054796000000E+03    2.284378715379295E+04
                     8210    1.639241200000000E+03    2.267546311616334E+04
                     8220    1.641268496000000E+03    2.270346218887298E+04
                     8230    1.643411359000000E+03    2.262696138259725E+04
                     8240    1.645370562000000E+03    2.261711467327652E+04
                     8250    1.647517434000000E+03    2.257588239632665E+04
                     8260    1.649409548000000E+03    2.254998517033189E+04
                     8270    1.651500259000000E+03    2.277659343510381E+04
                     8280    1.653447304000000E+03    2.290189473334428E+04
                     8290    1.655529430000000E+03    2.284175676276866E+04
                     8300    1.657570295000000E+03    2.272139401694711E+04
                     8310    1.659722862000000E+03    2.254896712133559E+04
                     8320    1.661664631000000E+03    2.261118951429622E+04
                     8330    1.663671721000000E+03    2.263375704127131E+04
                     8340    1.665624798000000E+03    2.271833636000595E+04
                     8350    1.667573288000000E+03    2.251593693271441E+04
                     8360    1.669615218000000E+03    2.280810350223719E+04
                     8370    1.671579183000000E+03    2.257759634020737E+04
                     8380    1.673686501000000E+03    2.242161227117866E+04
                     8390    1.675838287000000E+03    2.275570787779559E+04
                     8400    1.677847910000000E+03    2.297300168026038E+04
                     8410    1.679988207000000E+03    2.253076718109467E+04
                     8420    1.682000784000000E+03    2.259128916066660E+04
                     8430    1.683957945000000E+03    2.278391476439203E+04
                     8440    1.685884093000000E+03    2.271988199576256E+04
                     8450    1.687922698000000E+03    2.265638850261638E+04
                     8460    1.689870255000000E+03    2.242556692518387E+04
                     8470    1.691913777000000E+03    2.251197885276056E+04
                     8480    1.693877074000000E+03    2.258266406144289E+04
                     8490    1.696129713000000E+03    2.267396528181086E+04
                     8500    1.698317621000000E+03    2.282656385842074E+04
                     8510    1.700145367000000E+03    2.282376073910535E+04
                     8520    1.702160416000000E+03    2.281565849991800E+04
                     8530    1.704165575000000E+03    2.248650163565874E+04
                     8540    1.706283824000000E+03    2.285189039058417E+04
                     8550    1.708478596000000E+03    2.280509555990199E+04
                     8560    1.710645843000000E+03    2.264589335235516E+04
                     8570    1.712622453000000E+03    2.255450079295677E+04
                     8580    1.714618561000000E+03    2.270973616997189E+04
                     8590    1.716801421000000E+03    2.256321609074127E+04
                     8600    1.718631454000000E+03    2.256280446768807E+04
                     8610    1.720555347000000E+03    2.258497102213713E+04
                     8620    1.722605911000000E+03    2.279328531187577E+04
                     8630    1.724519354000000E+03    2.266769373786826E+04
                     8640    1.726616209000000E+03    2.249091117238930E+04
                     8650    1.728601092000000E+03    2.244082410894930E+04
                     8660    1.730405173000000E+03    2.237281400934720E+04
                     8670    1.732191280000000E+03    2.252988377196692E+04
                     8680    1.734189170000000E+03    2.277304551808373E+04
                     8690    1.736076548000000E+03    2.297485350804095E+04
                     8700    1.737960380000000E+03    2.285392414528336E+04
                     8710    1.739914032000000E+03    2.262811997874535E+04
                     8720    1.741811556000000E+03    2.245656787831054E+04
                     8730    1.743721456000000E+03    2.252865883621354E+04
                     8740    1.745664701000000E+03    2.272907529240832E+04
                     8750    1.747578450000000E+03    2.250995174070997E+04
                     8760    1.749565095000000E+03    2.257913099977097E+04
                     8770    1.751489776000000E+03    2.268081002861148E+04
                     8780    1.753311649000000E+03    2.244809595394277E+04
                     8790    1.755407772000000E+03    2.276128046979035E+04
                     8800    1.757469808000000E+03    2.273185188736505E+04
                     8810    1.759588015000000E+03    2.278890503247207E+04
                     8820    1.761673769000000E+03    2.274296861663059E+04
                     8830    1.763545005000000E+03    2.264443443170941E+04
                     8840    1.765569999000000E+03    2.240901762587821E+04
                     8850    1.767751689000000E+03    2.254701976102225E+04
                     8860    1.769631171000000E+03    2.247544057137532E+04
                     8870    1.771686262000000E+03    2.248360739041477E+04
                     8880    1.773507776000000E+03    2.262626629360748E+04
                     8890    1.775491264000000E+03    2.263404790477028E+04
                     8900    1.777547689000000E+03    2.256916298928257E+04
                     8910    1.779617856000000E+03    2.260625376396552E+04
                     8920    1.781716275000000E+03    2.271281691316643E+04
                     8930    1.783616395000000E+03    2.247159437574272E+04
                     8940    1.785436148000000E+03    2.254159400085195E+04
                     8950    1.787353812000000E+03    2.258369115830403E+04
                     8960    1.789251781000000E+03    2.268832284408077E+04
                     8970    1.791339208000000E+03    2.254509523324087E+04
                     8980    1.793344257000000E+03    2.243524094054280E+04
                     8990    1.795323155000000E+03    2.262352397432660E+04
                     9000    1.797449342000000E+03    2.247332777620463E+04
                     9010    1.799455253000000E+03    2.253392291325802E+04
                     9020    1.801373825000000E+03    2.262470402677437E+04
                     9030    1.803474959000000E+03    2.256897660379149E+04
                     9040    1.805660131000000E+03    2.262604123786769E+04
                     9050    1.807599711000000E+03    2.268003289048568E+04
                     9060    1.809728508000000E+03    2.244582357049614E+04
                     9070    1.811706967000000E+03    2.252910405462967E+04
                     9080    1.813768229000000E+03    2.250036964586082E+04
                     9090    1.815868777000000E+03    2.276242370170745E+04
                     9100    1.817994468000000E+03    2.246808908369808E+04
                     9110    1.819748530000000E+03    2.264871812370576E+04
                     9120    1.821884854000000E+03    2.261918037554175E+04
                     9130    1.823954604000000E+03    2.241986424258979E+04
                     9140    1.825740419000000E+03    2.261170261126386E+04
                     9150    1.827500699000000E+03    2.268324547156836E+04
                     9160    1.829371019000000E+03    2.257359876796554E+04
                     9170    1.831238775000000E+03    2.260219054719601E+04
                     9180    1.833111531000000E+03    2.259591300603893E+04
                     9190    1.834925637000000E+03    2.252922943032667E+04
                     9200    1.836877745000000E+03    2.247840868827404E+04
                     9210    1.839045692000000E+03    2.252165679914808E+04
                     9220    1.841203430000000E+03    2.260859186557015E+04
                     9230    1.843229753000000E+03    2.277708862395302E+04
                     9240    1.845425485000000E+03    2.276360269385260E+04
                     9250    1.847118656000000E+03    2.248782108808663E+04
                     9260    1.849248722000000E+03    2.241269508173809E+04
                     9270    1.851246838000000E+03    2.261580269314469E+04
                     9280    1.853311453000000E+03    2.263121799765201E+04
                     9290    1.855290645000000E+03    2.277239594323576E+04
                     9300    1.856990073000000E+03    2.288747233800241E+04
                     9310    1.858842218000000E+03    2.278048275123686E+04
                     9320    1.860789619000000E+03    2.253529559309872E+04
                     9330    1.862789673000000E+03    2.253728201105818E+04
                     9340    1.864769038000000E+03    2.272596915634494E+04
                     9350    1.866619941000000E+03    2.275080852722289E+04
                     9360    1.868512115000000E+03    2.263966311555753E+04
                     9370    1.870456373000000E+03    2.258967127725521E+04
                     9380    1.872500464000000E+03    2.252078872004415E+04
                     9390    1.874456607000000E+03    2.276862942795620E+04
                     9400    1.876503250000000E+03    2.276896908748011E+04
                     9410    1.878273987000000E+03    2.258438849327878E+04
                     9420    1.880288675000000E+03    2.255799469315760E+04
