#                 1000000                    lines
#       Iterationsschritt                     Zeit                <Fitness>
                        1    9.575230000000000E-01    1.664489639087315E+05
                       10    2.864455000000000E+00    1.131855631646793E+05
                       20    4.632539000000000E+00    5.031209744341127E+04
                       30    6.412936000000000E+00    4.003634428179286E+04
                       40    8.293369999999999E+00    3.636176265934268E+04
                       50    1.016332700000000E+01    3.440237832250653E+04
                       60    1.220077900000000E+01    3.329655051983741E+04
                       70    1.420712300000000E+01    3.170694070883246E+04
                       80    1.604002800000000E+01    3.176892653608028E+04
                       90    1.781699800000000E+01    3.132463098966537E+04
                      100    1.964663300000000E+01    3.172738742704990E+04
                      110    2.132137600000000E+01    3.028887018374242E+04
                      120    2.330487600000000E+01    2.971904271197209E+04
                      130    2.530838000000000E+01    2.938079048967036E+04
                      140    2.735250800000000E+01    2.900053025767139E+04
                      150    2.925234400000000E+01    2.804848096319934E+04
                      160    3.108273800000000E+01    2.794702254591845E+04
                      170    3.296501900000000E+01    2.767336589301291E+04
                      180    3.476150800000000E+01    2.775560782900578E+04
                      190    3.662097900000000E+01    2.745256351673903E+04
                      200    3.838966500000000E+01    2.723078436682924E+04
                      210    4.055492700000000E+01    2.696116906314682E+04
                      220    4.245990500000000E+01    2.688207802573402E+04
                      230    4.452136400000000E+01    2.677749724194053E+04
                      240    4.633033200000000E+01    2.619568389506762E+04
                      250    4.823112200000000E+01    2.603328925722204E+04
                      260    5.025067000000000E+01    2.593955911719419E+04
                      270    5.216112800000000E+01    2.577072012541637E+04
                      280    5.407647799999999E+01    2.570084753480643E+04
                      290    5.616430300000000E+01    2.557510577171228E+04
                      300    5.825826000000000E+01    2.562564198185308E+04
                      310    6.029743400000000E+01    2.593992605430634E+04
                      320    6.242831700000000E+01    2.559982926411395E+04
                      330    6.447964700000000E+01    2.564169250913357E+04
                      340    6.652708600000000E+01    2.550681449444460E+04
                      350    6.847758100000000E+01    2.574376570085026E+04
                      360    7.046524400000000E+01    2.545815148921751E+04
                      370    7.248157800000000E+01    2.554368364982438E+04
                      380    7.459695100000000E+01    2.536524986356811E+04
                      390    7.670212500000000E+01    2.523257134644355E+04
                      400    7.856333099999999E+01    2.531762849639971E+04
                      410    8.048136599999999E+01    2.521556460603315E+04
                      420    8.237892800000000E+01    2.502857783144597E+04
                      430    8.455751800000000E+01    2.489452791840058E+04
                      440    8.660461800000000E+01    2.496766142893228E+04
                      450    8.874020299999999E+01    2.497108003221291E+04
                      460    9.082072699999999E+01    2.482041744778733E+04
                      470    9.275244300000000E+01    2.460731127509417E+04
                      480    9.466609900000000E+01    2.459246579114619E+04
                      490    9.652899200000000E+01    2.450301748078886E+04
                      500    9.876241899999999E+01    2.496112670487702E+04
                      510    1.008087060000000E+02    2.543890196282999E+04
                      520    1.027225010000000E+02    2.503136129544105E+04
                      530    1.047827460000000E+02    2.479039701690559E+04
                      540    1.066684470000000E+02    2.495141142977100E+04
                      550    1.088857600000000E+02    2.512763626391408E+04
                      560    1.107631440000000E+02    2.510743044366062E+04
                      570    1.126256680000000E+02    2.517506018345616E+04
                      580    1.146693430000000E+02    2.531414290917340E+04
                      590    1.168736130000000E+02    2.553941475139862E+04
                      600    1.189829090000000E+02    2.486050989575943E+04
                      610    1.209534790000000E+02    2.466796458527071E+04
                      620    1.228076180000000E+02    2.467782838758708E+04
                      630    1.246838620000000E+02    2.431706716228365E+04
                      640    1.267762200000000E+02    2.456616758241074E+04
                      650    1.288757550000000E+02    2.461650466425464E+04
                      660    1.308753130000000E+02    2.453257245216594E+04
                      670    1.326783610000000E+02    2.429349563206937E+04
                      680    1.344853420000000E+02    2.456736506370662E+04
                      690    1.364078040000000E+02    2.452194620020421E+04
                      700    1.383858430000000E+02    2.457673929922381E+04
                      710    1.401138620000000E+02    2.483952402700852E+04
                      720    1.422564090000000E+02    2.452201233409184E+04
                      730    1.441680350000000E+02    2.462124452159782E+04
                      740    1.462554600000000E+02    2.477221927572042E+04
                      750    1.481339770000000E+02    2.417961886173438E+04
                      760    1.501849490000000E+02    2.444573717029830E+04
                      770    1.521225700000000E+02    2.441853643368079E+04
                      780    1.542490580000000E+02    2.425514227220555E+04
                      790    1.561071790000000E+02    2.413366353367197E+04
                      800    1.580129890000000E+02    2.428957057131879E+04
                      810    1.601586520000000E+02    2.395984862608674E+04
                      820    1.622501760000000E+02    2.400428372141004E+04
                      830    1.642397520000000E+02    2.446138959464371E+04
                      840    1.660345550000000E+02    2.438474728918121E+04
                      850    1.680863550000000E+02    2.442513745959848E+04
                      860    1.701526600000000E+02    2.441833876454753E+04
                      870    1.719951210000000E+02    2.427683950171197E+04
                      880    1.742242950000000E+02    2.423411954744525E+04
                      890    1.761360230000000E+02    2.445126231675238E+04
                      900    1.783027220000000E+02    2.439209592670604E+04
                      910    1.801622550000000E+02    2.417488442002593E+04
                      920    1.824341570000000E+02    2.411126795671368E+04
                      930    1.846219220000000E+02    2.409447262273314E+04
                      940    1.867315730000000E+02    2.398469616365935E+04
                      950    1.888813260000000E+02    2.406055993932685E+04
                      960    1.909476510000000E+02    2.427492578089244E+04
                      970    1.930181730000000E+02    2.399491457559640E+04
                      980    1.951728170000000E+02    2.414055423599951E+04
                      990    1.972555700000000E+02    2.429008790922708E+04
                     1000    1.994911150000000E+02    2.412355605464853E+04
                     1010    2.016642500000000E+02    2.436710901001023E+04
                     1020    2.038981310000000E+02    2.453315278846033E+04
                     1030    2.059688100000000E+02    2.427393177378717E+04
                     1040    2.079132640000000E+02    2.448960891225307E+04
                     1050    2.098959710000000E+02    2.439454625327719E+04
                     1060    2.118983440000000E+02    2.473161533835587E+04
                     1070    2.139743610000000E+02    2.434197798881745E+04
                     1080    2.157924450000000E+02    2.469319095775935E+04
                     1090    2.176253350000000E+02    2.503076183684601E+04
                     1100    2.196427730000000E+02    2.504965473504459E+04
                     1110    2.215969750000000E+02    2.493425550735892E+04
                     1120    2.235796500000000E+02    2.447654376231482E+04
                     1130    2.253687070000000E+02    2.401887636877449E+04
                     1140    2.272613970000000E+02    2.421387297830869E+04
                     1150    2.291312990000000E+02    2.396929591892867E+04
                     1160    2.312456910000000E+02    2.358080034174738E+04
                     1170    2.333629030000000E+02    2.350803607749080E+04
                     1180    2.353956730000000E+02    2.296823913885614E+04
                     1190    2.375367940000000E+02    2.317182662471923E+04
                     1200    2.395804070000000E+02    2.295558119958628E+04
                     1210    2.417449450000000E+02    2.295852506197619E+04
                     1220    2.438817290000000E+02    2.285428884204328E+04
                     1230    2.460404840000000E+02    2.307630415305871E+04
                     1240    2.481971110000000E+02    2.294614339926696E+04
                     1250    2.502084360000000E+02    2.298362272022192E+04
                     1260    2.521708110000000E+02    2.296349717339335E+04
                     1270    2.541021950000000E+02    2.305202362570498E+04
                     1280    2.561334690000000E+02    2.308594568849876E+04
                     1290    2.580144440000000E+02    2.310972221196579E+04
                     1300    2.599776460000000E+02    2.323015082562921E+04
                     1310    2.619525740000000E+02    2.304537516962366E+04
                     1320    2.639268080000000E+02    2.305995334679713E+04
                     1330    2.659571290000000E+02    2.303976742715377E+04
                     1340    2.678630420000000E+02    2.274926963517306E+04
                     1350    2.697765760000000E+02    2.280417547573105E+04
                     1360    2.718152140000000E+02    2.299105385657209E+04
                     1370    2.737656130000000E+02    2.318729960347145E+04
                     1380    2.754479750000000E+02    2.333832301937934E+04
                     1390    2.771698230000000E+02    2.324309800828165E+04
                     1400    2.792091310000000E+02    2.316489771678457E+04
                     1410    2.813262900000000E+02    2.324318010592959E+04
                     1420    2.834487230000000E+02    2.311103209739344E+04
                     1430    2.855593340000000E+02    2.294664528820064E+04
                     1440    2.876287900000000E+02    2.325421598884122E+04
                     1450    2.896300850000000E+02    2.319172703033345E+04
                     1460    2.916130460000000E+02    2.316788185685811E+04
                     1470    2.936608530000000E+02    2.316931316317739E+04
                     1480    2.955089060000000E+02    2.306863289682287E+04
                     1490    2.975421840000000E+02    2.304076186145446E+04
                     1500    2.993696590000000E+02    2.306302251155377E+04
                     1510    3.013647060000000E+02    2.332571726727412E+04
                     1520    3.032075890000000E+02    2.310118021021999E+04
                     1530    3.052329540000000E+02    2.292199688606463E+04
                     1540    3.070818410000000E+02    2.321929876603680E+04
                     1550    3.092685550000000E+02    2.300979548566622E+04
                     1560    3.112095850000000E+02    2.278375466551249E+04
                     1570    3.130958050000000E+02    2.299778747206222E+04
                     1580    3.149451650000000E+02    2.297527236252878E+04
                     1590    3.170895320000000E+02    2.289404181762785E+04
                     1600    3.187854310000000E+02    2.316454641213311E+04
                     1610    3.208438570000000E+02    2.305101879890035E+04
                     1620    3.226720670000000E+02    2.297162164719342E+04
                     1630    3.246007560000000E+02    2.322387560678811E+04
                     1640    3.265210570000000E+02    2.305902001901800E+04
                     1650    3.286524290000000E+02    2.312626338973916E+04
                     1660    3.304999750000000E+02    2.336292060475084E+04
                     1670    3.322488790000000E+02    2.297889605910309E+04
                     1680    3.342926890000000E+02    2.290109923935011E+04
                     1690    3.363552510000000E+02    2.300191155230507E+04
                     1700    3.381680370000000E+02    2.307832637753835E+04
                     1710    3.399794330000000E+02    2.306414367541098E+04
                     1720    3.418761780000000E+02    2.310710912322825E+04
                     1730    3.438806440000000E+02    2.302131868931287E+04
                     1740    3.460616550000000E+02    2.287740075318941E+04
                     1750    3.480941250000000E+02    2.266806674699495E+04
                     1760    3.502213340000000E+02    2.296954985599207E+04
                     1770    3.523279720000000E+02    2.306293325561278E+04
                     1780    3.543104320000000E+02    2.302609711921019E+04
                     1790    3.564391120000000E+02    2.276385808557102E+04
                     1800    3.583875120000000E+02    2.307392957310367E+04
                     1810    3.604333070000000E+02    2.301275692544685E+04
                     1820    3.622558960000000E+02    2.296192039297625E+04
                     1830    3.642711330000000E+02    2.279029261685720E+04
                     1840    3.663791420000000E+02    2.319743589535964E+04
                     1850    3.685856600000000E+02    2.315967077642641E+04
                     1860    3.705047960000000E+02    2.319592622087091E+04
                     1870    3.725380860000000E+02    2.296374332698795E+04
                     1880    3.742806860000000E+02    2.286998011250250E+04
                     1890    3.761122290000000E+02    2.278539949821826E+04
                     1900    3.779453150000000E+02    2.302904423914514E+04
                     1910    3.797953690000000E+02    2.301660898957599E+04
                     1920    3.817203420000000E+02    2.287734451905996E+04
                     1930    3.836721930000000E+02    2.281644216812289E+04
                     1940    3.856746630000000E+02    2.300410999713987E+04
                     1950    3.877304940000000E+02    2.286197759027316E+04
                     1960    3.897237490000000E+02    2.298561690967359E+04
                     1970    3.918602790000000E+02    2.312196485999527E+04
                     1980    3.938668960000000E+02    2.305496604902294E+04
                     1990    3.959020510000000E+02    2.294777314011233E+04
                     2000    3.978074540000000E+02    2.303779741410119E+04
                     2010    3.999780710000000E+02    2.292248311524301E+04
                     2020    4.019480370000000E+02    2.287084510105777E+04
                     2030    4.039899300000000E+02    2.298669774911597E+04
                     2040    4.058972330000000E+02    2.319547216623311E+04
                     2050    4.078902170000000E+02    2.309315108112452E+04
                     2060    4.097639690000000E+02    2.293648237811923E+04
                     2070    4.114882650000000E+02    2.306412533591824E+04
                     2080    4.136307460000000E+02    2.330294609444353E+04
                     2090    4.154964710000000E+02    2.321421965601674E+04
                     2100    4.175498750000000E+02    2.295815328640746E+04
                     2110    4.196442470000000E+02    2.284125805362989E+04
                     2120    4.215401410000000E+02    2.306702167181954E+04
                     2130    4.234724020000000E+02    2.302986044895514E+04
                     2140    4.254657350000000E+02    2.329247942302061E+04
                     2150    4.274265870000000E+02    2.304338919607929E+04
                     2160    4.292915810000000E+02    2.335759632551067E+04
                     2170    4.314596240000000E+02    2.326669690576909E+04
                     2180    4.334415740000000E+02    2.352613585813863E+04
                     2190    4.352159490000000E+02    2.343504244072679E+04
                     2200    4.373294610000000E+02    2.339877153670243E+04
                     2210    4.395553070000000E+02    2.345505259851143E+04
                     2220    4.416712050000000E+02    2.326989925278520E+04
                     2230    4.436417870000000E+02    2.319178449561371E+04
                     2240    4.456585540000000E+02    2.323085743784090E+04
                     2250    4.474935060000000E+02    2.329948370558746E+04
                     2260    4.492699410000000E+02    2.306534427786527E+04
                     2270    4.512597870000000E+02    2.319284471889058E+04
                     2280    4.532305260000000E+02    2.298959527702459E+04
                     2290    4.550264560000000E+02    2.310256405151839E+04
                     2300    4.571052730000000E+02    2.292295568079391E+04
                     2310    4.591382940000000E+02    2.336777300154084E+04
                     2320    4.612014680000000E+02    2.317692355858768E+04
                     2330    4.633338320000000E+02    2.325146507831081E+04
                     2340    4.654085650000000E+02    2.332064917777928E+04
                     2350    4.672335990000000E+02    2.327817775793961E+04
                     2360    4.691503520000000E+02    2.317920211935611E+04
                     2370    4.712953290000000E+02    2.322576732043651E+04
                     2380    4.731172070000000E+02    2.328977955343271E+04
                     2390    4.748184410000000E+02    2.348438166448762E+04
                     2400    4.769995290000000E+02    2.316527842056136E+04
                     2410    4.791943940000000E+02    2.312191074550317E+04
                     2420    4.809158710000000E+02    2.311998364454460E+04
                     2430    4.827872880000000E+02    2.328106804490040E+04
                     2440    4.846235900000000E+02    2.330293854743363E+04
                     2450    4.864912570000000E+02    2.323604748995198E+04
                     2460    4.885220820000000E+02    2.320539781067365E+04
                     2470    4.906844050000000E+02    2.318771380835419E+04
                     2480    4.927367020000000E+02    2.320363109749719E+04
                     2490    4.947197510000000E+02    2.337188907623107E+04
                     2500    4.965527070000000E+02    2.321155070981015E+04
                     2510    4.987208070000000E+02    2.333187909012306E+04
                     2520    5.005269420000000E+02    2.361466650718985E+04
                     2530    5.023810790000000E+02    2.361274073078230E+04
                     2540    5.043275470000000E+02    2.325088337492666E+04
                     2550    5.063896670000000E+02    2.330210890509019E+04
                     2560    5.085014120000000E+02    2.328186897933845E+04
                     2570    5.105591450000000E+02    2.298853091033086E+04
                     2580    5.127605180000000E+02    2.332489089225209E+04
                     2590    5.147810230000000E+02    2.355192654493657E+04
                     2600    5.166112640000000E+02    2.341118587348576E+04
                     2610    5.184922160000000E+02    2.328250751834015E+04
                     2620    5.203998240000001E+02    2.320884651218383E+04
                     2630    5.226016840000001E+02    2.337964714770692E+04
                     2640    5.247577180000001E+02    2.336338023116838E+04
                     2650    5.267536860000000E+02    2.354834767355090E+04
                     2660    5.287318290000001E+02    2.335073096866354E+04
                     2670    5.306249940000000E+02    2.326920348438747E+04
                     2680    5.327457670000000E+02    2.314257471933182E+04
                     2690    5.347922130000001E+02    2.321709203171107E+04
                     2700    5.367205020000000E+02    2.336220495787863E+04
                     2710    5.386228260000000E+02    2.303834484067294E+04
                     2720    5.407975050000000E+02    2.321955464798862E+04
                     2730    5.429459410000001E+02    2.304959460897171E+04
                     2740    5.448349570000000E+02    2.323138510034724E+04
                     2750    5.467808030000000E+02    2.319323294774866E+04
                     2760    5.486849570000001E+02    2.308386828659133E+04
                     2770    5.505044110000000E+02    2.319783069308836E+04
                     2780    5.525042410000001E+02    2.314964402600232E+04
                     2790    5.543986790000000E+02    2.352343432959720E+04
                     2800    5.564121000000000E+02    2.340223079443212E+04
                     2810    5.583310980000000E+02    2.332884365534181E+04
                     2820    5.603676740000001E+02    2.306341888874960E+04
                     2830    5.624620830000000E+02    2.314066345502928E+04
                     2840    5.643700040000000E+02    2.304210850485018E+04
                     2850    5.663033780000001E+02    2.290969483984578E+04
                     2860    5.682657730000001E+02    2.324298199602759E+04
                     2870    5.703828730000000E+02    2.308804350806099E+04
                     2880    5.723893450000000E+02    2.331301077391951E+04
                     2890    5.743170620000001E+02    2.313706678776310E+04
                     2900    5.764055080000001E+02    2.318255560899297E+04
                     2910    5.785683660000001E+02    2.310509945135527E+04
                     2920    5.805988680000000E+02    2.303256511168385E+04
                     2930    5.827117960000000E+02    2.333532286521261E+04
                     2940    5.847890950000001E+02    2.321821998879819E+04
                     2950    5.868630530000000E+02    2.363221591706756E+04
                     2960    5.888541120000000E+02    2.339237273738769E+04
                     2970    5.908583870000000E+02    2.360126711391012E+04
                     2980    5.929308080000001E+02    2.346676616543205E+04
                     2990    5.950289590000000E+02    2.350529592892969E+04
                     3000    5.970948930000001E+02    2.322116421198101E+04
                     3010    5.989615830000000E+02    2.329814047063371E+04
                     3020    6.008620540000001E+02    2.321542289815122E+04
                     3030    6.026543280000001E+02    2.318382060517375E+04
                     3040    6.046187330000000E+02    2.340564832600448E+04
                     3050    6.065470180000001E+02    2.319192165711533E+04
                     3060    6.084348950000001E+02    2.324731857282251E+04
                     3070    6.104558590000000E+02    2.335561653079566E+04
                     3080    6.125088020000001E+02    2.322150037996534E+04
                     3090    6.143788290000000E+02    2.329354205373640E+04
                     3100    6.163855540000001E+02    2.323494991251040E+04
                     3110    6.183352090000001E+02    2.316742998997115E+04
                     3120    6.204596010000000E+02    2.307997839707728E+04
                     3130    6.225123880000000E+02    2.328161786434544E+04
                     3140    6.244448040000001E+02    2.342178372555575E+04
                     3150    6.263867700000001E+02    2.327385192355584E+04
                     3160    6.283974720000000E+02    2.341261696891069E+04
                     3170    6.302705740000000E+02    2.316050179056417E+04
                     3180    6.323796210000000E+02    2.329641423406947E+04
                     3190    6.342064290000001E+02    2.311498522369239E+04
                     3200    6.364633480000000E+02    2.302940171712168E+04
                     3210    6.384520870000000E+02    2.314078187365147E+04
                     3220    6.402782200000000E+02    2.315753419208985E+04
                     3230    6.424054990000001E+02    2.300727431443460E+04
                     3240    6.443931460000000E+02    2.308738016877770E+04
                     3250    6.466986760000001E+02    2.317173259135187E+04
                     3260    6.488922810000000E+02    2.317474645341568E+04
                     3270    6.508613630000001E+02    2.281543315616676E+04
                     3280    6.528077080000000E+02    2.302171821999252E+04
                     3290    6.549088920000000E+02    2.327742135976298E+04
                     3300    6.569847510000001E+02    2.340563757342761E+04
                     3310    6.590888700000000E+02    2.332962225388007E+04
                     3320    6.610731200000000E+02    2.348404497055082E+04
                     3330    6.629989390000001E+02    2.335589906299873E+04
                     3340    6.650320260000001E+02    2.335891920268090E+04
                     3350    6.670778490000000E+02    2.311697030822157E+04
                     3360    6.689761440000001E+02    2.323235327422200E+04
                     3370    6.708935650000001E+02    2.343503800847701E+04
                     3380    6.731063690000001E+02    2.328674629080446E+04
                     3390    6.752746230000000E+02    2.287841443423218E+04
                     3400    6.770931870000001E+02    2.323661673572663E+04
                     3410    6.791070980000001E+02    2.320207665136392E+04
                     3420    6.811614960000001E+02    2.334740835137465E+04
                     3430    6.832888470000000E+02    2.330699810577510E+04
                     3440    6.854306900000000E+02    2.326833043853066E+04
                     3450    6.874346710000001E+02    2.319892109308333E+04
                     3460    6.892794810000000E+02    2.321399429829939E+04
                     3470    6.912610250000000E+02    2.297963634744645E+04
                     3480    6.931666060000000E+02    2.335217512725409E+04
                     3490    6.949349230000000E+02    2.319409590155685E+04
                     3500    6.967862340000000E+02    2.315421493713631E+04
                     3510    6.988428660000001E+02    2.300498608690848E+04
                     3520    7.008248000000001E+02    2.322432476410528E+04
                     3530    7.029468660000000E+02    2.304600644128669E+04
                     3540    7.051399540000000E+02    2.313607897877099E+04
                     3550    7.070538420000000E+02    2.359461605249196E+04
                     3560    7.092170910000001E+02    2.322703078880642E+04
                     3570    7.108537930000000E+02    2.320149697266750E+04
                     3580    7.125878420000000E+02    2.341642228515668E+04
                     3590    7.145008800000001E+02    2.344150515066300E+04
                     3600    7.165033450000001E+02    2.318972285609021E+04
                     3610    7.183925270000001E+02    2.302070698543151E+04
                     3620    7.201067990000000E+02    2.300324702698622E+04
                     3630    7.223247000000000E+02    2.321173966860327E+04
                     3640    7.244990470000000E+02    2.305250849855919E+04
                     3650    7.264971680000000E+02    2.318533055186173E+04
                     3660    7.285596470000000E+02    2.338977002019260E+04
                     3670    7.306411670000000E+02    2.329631185823482E+04
                     3680    7.326466420000000E+02    2.310792170636067E+04
                     3690    7.347046260000001E+02    2.292183906557060E+04
                     3700    7.367378570000001E+02    2.308216217995984E+04
                     3710    7.387803510000000E+02    2.320352765344983E+04
                     3720    7.408432710000001E+02    2.338375014166366E+04
                     3730    7.427239290000000E+02    2.302260731936715E+04
                     3740    7.449537830000000E+02    2.324728468978589E+04
                     3750    7.469089060000000E+02    2.313363967992569E+04
                     3760    7.489977770000000E+02    2.304728017501648E+04
                     3770    7.512071590000000E+02    2.322836372129295E+04
                     3780    7.533710250000000E+02    2.316291533589346E+04
                     3790    7.552969760000001E+02    2.331304512393937E+04
                     3800    7.574033360000001E+02    2.333665618718594E+04
                     3810    7.593560430000000E+02    2.331556528870693E+04
                     3820    7.611868690000000E+02    2.316876781731649E+04
                     3830    7.631252070000000E+02    2.320409828310570E+04
                     3840    7.651714480000001E+02    2.293983967413807E+04
                     3850    7.670836520000000E+02    2.310225376134172E+04
                     3860    7.691135240000000E+02    2.323519991221905E+04
                     3870    7.711337980000001E+02    2.287560745596311E+04
                     3880    7.732310630000001E+02    2.339467502548733E+04
                     3890    7.753194950000001E+02    2.311529097700526E+04
                     3900    7.772868380000000E+02    2.314468154749324E+04
                     3910    7.795235530000000E+02    2.337111530031349E+04
                     3920    7.815084300000001E+02    2.354838488571499E+04
                     3930    7.835957390000001E+02    2.341141449834462E+04
                     3940    7.858145430000001E+02    2.329882293936763E+04
                     3950    7.879768760000001E+02    2.354998020906814E+04
                     3960    7.900871720000000E+02    2.342164613076827E+04
                     3970    7.920907840000000E+02    2.314359096648481E+04
                     3980    7.941686720000000E+02    2.307860333304840E+04
                     3990    7.960653500000001E+02    2.329070116775226E+04
                     4000    7.982302570000001E+02    2.321760994780732E+04
                     4010    7.999535120000000E+02    2.299409525665621E+04
                     4020    8.016945650000000E+02    2.303255349870733E+04
                     4030    8.036852010000000E+02    2.313136044232314E+04
                     4040    8.055355310000000E+02    2.317160328514160E+04
                     4050    8.075230490000000E+02    2.335836276884537E+04
                     4060    8.095293220000001E+02    2.296340057036538E+04
                     4070    8.117492370000000E+02    2.317027974528734E+04
                     4080    8.136632060000001E+02    2.316906350124574E+04
                     4090    8.157762950000000E+02    2.350991428385603E+04
                     4100    8.179361250000001E+02    2.324047492515299E+04
                     4110    8.199166060000000E+02    2.324005983544428E+04
                     4120    8.220524580000000E+02    2.342598036091986E+04
                     4130    8.241285730000001E+02    2.342555095403024E+04
                     4140    8.263013210000000E+02    2.317937101716860E+04
                     4150    8.282007830000000E+02    2.322452795847316E+04
                     4160    8.303097480000000E+02    2.359225422532431E+04
                     4170    8.322785810000000E+02    2.318568058689213E+04
                     4180    8.343002900000000E+02    2.340378005687063E+04
                     4190    8.364157270000001E+02    2.367932990527362E+04
                     4200    8.385873530000000E+02    2.334042815987494E+04
                     4210    8.406339750000001E+02    2.308682743926506E+04
                     4220    8.427696230000000E+02    2.322585129308637E+04
                     4230    8.448571110000000E+02    2.314203269894055E+04
                     4240    8.468718270000001E+02    2.346460162877852E+04
                     4250    8.487064280000001E+02    2.332482410652733E+04
                     4260    8.508725110000000E+02    2.316822303685291E+04
                     4270    8.530583390000000E+02    2.299358001220915E+04
                     4280    8.550081490000000E+02    2.318057961850871E+04
                     4290    8.568662290000001E+02    2.303515243392508E+04
                     4300    8.588966900000000E+02    2.306383186954886E+04
                     4310    8.609171100000001E+02    2.312869834750225E+04
                     4320    8.628715790000000E+02    2.299772351693439E+04
                     4330    8.648926920000000E+02    2.346583491275728E+04
                     4340    8.668394010000001E+02    2.316570807574991E+04
                     4350    8.688709300000000E+02    2.313225885646006E+04
                     4360    8.710202200000000E+02    2.311664044441619E+04
                     4370    8.730266170000000E+02    2.327627964183976E+04
                     4380    8.748900590000001E+02    2.337369033058932E+04
                     4390    8.771620230000001E+02    2.321057884841493E+04
                     4400    8.792070770000000E+02    2.303851465084110E+04
                     4410    8.812177780000001E+02    2.284055343926627E+04
                     4420    8.832171710000000E+02    2.324980690623503E+04
                     4430    8.853332170000000E+02    2.309099939555770E+04
                     4440    8.873361620000001E+02    2.321293203417738E+04
                     4450    8.894075260000001E+02    2.317704168636532E+04
                     4460    8.914855750000000E+02    2.323858568221706E+04
                     4470    8.934729960000001E+02    2.299303194451185E+04
                     4480    8.954396620000000E+02    2.317779296818123E+04
                     4490    8.974005970000001E+02    2.316394811666840E+04
                     4500    8.992996930000000E+02    2.342350956875911E+04
                     4510    9.012411840000001E+02    2.337534088995773E+04
                     4520    9.031409910000000E+02    2.342578861432342E+04
                     4530    9.052251210000001E+02    2.333054483946539E+04
                     4540    9.073111850000000E+02    2.312768759119353E+04
                     4550    9.094462190000000E+02    2.327041754789404E+04
                     4560    9.114043160000000E+02    2.327836037969607E+04
                     4570    9.133905310000000E+02    2.308845379661215E+04
                     4580    9.152969440000001E+02    2.322690090251483E+04
                     4590    9.172155930000000E+02    2.296912507982887E+04
                     4600    9.194303580000001E+02    2.313874944228649E+04
                     4610    9.212904860000000E+02    2.350192392362079E+04
                     4620    9.233112230000000E+02    2.333814796720660E+04
                     4630    9.255087020000001E+02    2.307095695295293E+04
                     4640    9.274528890000000E+02    2.325609235876401E+04
                     4650    9.295308450000000E+02    2.333837101999005E+04
                     4660    9.314595840000001E+02    2.328662447791440E+04
                     4670    9.331376780000001E+02    2.320534914643445E+04
                     4680    9.350544010000000E+02    2.333958077036890E+04
                     4690    9.368678510000001E+02    2.316024041131010E+04
                     4700    9.390049950000000E+02    2.345912637335804E+04
                     4710    9.409602330000000E+02    2.303454414836397E+04
                     4720    9.429139800000000E+02    2.305542803800558E+04
                     4730    9.449118520000001E+02    2.302759276557303E+04
                     4740    9.469325830000000E+02    2.305544447386794E+04
                     4750    9.488390980000000E+02    2.303399872435363E+04
                     4760    9.508840090000000E+02    2.320022542760173E+04
                     4770    9.527101070000000E+02    2.293302912025053E+04
                     4780    9.547636160000001E+02    2.298770101717904E+04
                     4790    9.568132460000000E+02    2.302891533678901E+04
                     4800    9.588948380000000E+02    2.298952494586587E+04
                     4810    9.609400940000000E+02    2.322306604695255E+04
                     4820    9.630025560000000E+02    2.329849391191191E+04
                     4830    9.651523070000001E+02    2.316819279776733E+04
                     4840    9.672294200000000E+02    2.326941279129241E+04
                     4850    9.692603800000001E+02    2.298750542380091E+04
                     4860    9.713284920000001E+02    2.313122051023967E+04
                     4870    9.733427110000000E+02    2.327627103170234E+04
                     4880    9.754757530000001E+02    2.338598528944208E+04
                     4890    9.773717010000000E+02    2.319981901526749E+04
                     4900    9.793349570000000E+02    2.301639386338897E+04
                     4910    9.813441500000000E+02    2.309215480829364E+04
                     4920    9.834008390000000E+02    2.299000583905050E+04
                     4930    9.853456890000000E+02    2.325714353124062E+04
                     4940    9.873365640000001E+02    2.328695713548855E+04
                     4950    9.892422420000000E+02    2.314414904810509E+04
                     4960    9.910308420000000E+02    2.339489879820391E+04
                     4970    9.931252360000001E+02    2.319708403184896E+04
                     4980    9.952212960000001E+02    2.321412865221329E+04
                     4990    9.971737260000000E+02    2.310826186706185E+04
                     5000    9.992480430000001E+02    2.326133447645313E+04
                     5010    1.001078984000000E+03    2.310723378988816E+04
                     5020    1.003044468000000E+03    2.315941051932363E+04
                     5030    1.005100982000000E+03    2.288907329924356E+04
                     5040    1.007063742000000E+03    2.307309987027419E+04
                     5050    1.009235227000000E+03    2.322549951957055E+04
                     5060    1.011116964000000E+03    2.332051790064357E+04
                     5070    1.013157979000000E+03    2.328639854672233E+04
                     5080    1.014897636000000E+03    2.358002643534370E+04
                     5090    1.016838917000000E+03    2.313516643419188E+04
                     5100    1.018970231000000E+03    2.319037088499275E+04
                     5110    1.020945608000000E+03    2.304640487686342E+04
                     5120    1.022937014000000E+03    2.336402671546007E+04
                     5130    1.024732710000000E+03    2.306070199021727E+04
                     5140    1.026909364000000E+03    2.327026718575040E+04
                     5150    1.029127664000000E+03    2.313733573660233E+04
                     5160    1.031121383000000E+03    2.313975193374028E+04
                     5170    1.033219092000000E+03    2.307317537788586E+04
                     5180    1.035011339000000E+03    2.308573933216378E+04
                     5190    1.036912330000000E+03    2.324978621961672E+04
                     5200    1.038644278000000E+03    2.332205639778994E+04
                     5210    1.040500337000000E+03    2.314005405238155E+04
                     5220    1.042447717000000E+03    2.300706189298039E+04
                     5230    1.044462261000000E+03    2.307836327369280E+04
                     5240    1.046540572000000E+03    2.308634170884740E+04
                     5250    1.048494096000000E+03    2.296262216510670E+04
                     5260    1.050382866000000E+03    2.281402394092197E+04
                     5270    1.052522627000000E+03    2.316182494231168E+04
                     5280    1.054625585000000E+03    2.305267406017453E+04
                     5290    1.056693120000000E+03    2.282247231260538E+04
                     5300    1.058734864000000E+03    2.304345610942280E+04
                     5310    1.060873255000000E+03    2.338168045876281E+04
                     5320    1.062878993000000E+03    2.348351503784726E+04
                     5330    1.064662577000000E+03    2.336157469986627E+04
                     5340    1.066677833000000E+03    2.319676887151170E+04
                     5350    1.068696805000000E+03    2.334228919204293E+04
                     5360    1.070724948000000E+03    2.323982852292655E+04
                     5370    1.072672698000000E+03    2.294183615206687E+04
                     5380    1.074712799000000E+03    2.283684684728491E+04
                     5390    1.076749390000000E+03    2.289249439277491E+04
                     5400    1.078752590000000E+03    2.311616188187542E+04
                     5410    1.080972529000000E+03    2.316008414451373E+04
                     5420    1.083156934000000E+03    2.310454851140795E+04
                     5430    1.085221822000000E+03    2.313361008166634E+04
                     5440    1.087251765000000E+03    2.330172812183523E+04
                     5450    1.089429208000000E+03    2.344864918669837E+04
                     5460    1.091532460000000E+03    2.338832915117794E+04
                     5470    1.093518618000000E+03    2.336872283973399E+04
                     5480    1.095375624000000E+03    2.319596913922725E+04
                     5490    1.097296493000000E+03    2.309498411446587E+04
                     5500    1.099339114000000E+03    2.293950467508425E+04
                     5510    1.101531924000000E+03    2.318204365156836E+04
                     5520    1.103646273000000E+03    2.297983559703642E+04
                     5530    1.105686324000000E+03    2.322237220547462E+04
                     5540    1.107565061000000E+03    2.311411358856207E+04
                     5550    1.109407361000000E+03    2.294594571648545E+04
                     5560    1.111165122000000E+03    2.301473650490421E+04
                     5570    1.113087568000000E+03    2.315121987624787E+04
                     5580    1.115170325000000E+03    2.347236277232098E+04
                     5590    1.117218058000000E+03    2.355150538106941E+04
                     5600    1.119384927000000E+03    2.334386383972768E+04
                     5610    1.121146735000000E+03    2.333696682096054E+04
                     5620    1.123338881000000E+03    2.308082896038744E+04
                     5630    1.125372829000000E+03    2.320268690129445E+04
                     5640    1.127499192000000E+03    2.303248115270772E+04
                     5650    1.129432853000000E+03    2.305711910252798E+04
                     5660    1.131499151000000E+03    2.335625567908723E+04
                     5670    1.133429932000000E+03    2.307220865413114E+04
                     5680    1.135494060000000E+03    2.338513704783754E+04
                     5690    1.137425793000000E+03    2.352226995939656E+04
                     5700    1.139434836000000E+03    2.322368265879724E+04
                     5710    1.141530891000000E+03    2.358119519273169E+04
                     5720    1.143523771000000E+03    2.345877441678074E+04
                     5730    1.145265526000000E+03    2.332882031765648E+04
                     5740    1.147150155000000E+03    2.330821445531435E+04
                     5750    1.149324948000000E+03    2.334147833765936E+04
                     5760    1.151484825000000E+03    2.319536740951813E+04
                     5770    1.153460460000000E+03    2.322650524188379E+04
                     5780    1.155633024000000E+03    2.298317099916802E+04
                     5790    1.157765750000000E+03    2.311659362251079E+04
                     5800    1.159686558000000E+03    2.306091132777373E+04
                     5810    1.161639367000000E+03    2.309484032015254E+04
                     5820    1.163650635000000E+03    2.307546102295951E+04
                     5830    1.165542195000000E+03    2.301680717920015E+04
                     5840    1.167692557000000E+03    2.312275787312611E+04
                     5850    1.169529802000000E+03    2.307722770412344E+04
                     5860    1.171562071000000E+03    2.320912097975081E+04
                     5870    1.173544248000000E+03    2.305420815700701E+04
                     5880    1.175533611000000E+03    2.325338338217491E+04
                     5890    1.177507410000000E+03    2.314235928288548E+04
                     5900    1.179502682000000E+03    2.317876077959223E+04
                     5910    1.181606955000000E+03    2.321048854457978E+04
                     5920    1.183681380000000E+03    2.323259561214691E+04
                     5930    1.185679621000000E+03    2.323836057296617E+04
                     5940    1.187664632000000E+03    2.315717942520426E+04
                     5950    1.189716240000000E+03    2.323858289292630E+04
                     5960    1.191592137000000E+03    2.306412099824346E+04
                     5970    1.193718156000000E+03    2.329729995351379E+04
                     5980    1.195799022000000E+03    2.331213004888252E+04
                     5990    1.197794021000000E+03    2.278939146509748E+04
                     6000    1.199835400000000E+03    2.293303672277151E+04
                     6010    1.201930131000000E+03    2.312117270768893E+04
                     6020    1.203812035000000E+03    2.318408930480228E+04
                     6030    1.205740376000000E+03    2.287290862110211E+04
                     6040    1.207888630000000E+03    2.290308668050592E+04
                     6050    1.210077900000000E+03    2.282983767771420E+04
                     6060    1.212138796000000E+03    2.297805695193985E+04
                     6070    1.213943464000000E+03    2.294163381307945E+04
                     6080    1.215953880000000E+03    2.292522220418360E+04
                     6090    1.218098601000000E+03    2.306379813252063E+04
                     6100    1.220199071000000E+03    2.333080117722259E+04
                     6110    1.222061776000000E+03    2.333002198018859E+04
                     6120    1.224207625000000E+03    2.347732459449213E+04
                     6130    1.226225936000000E+03    2.322805918925852E+04
                     6140    1.228321214000000E+03    2.299828130400416E+04
                     6150    1.230243069000000E+03    2.310132853465518E+04
                     6160    1.232359979000000E+03    2.308246433614149E+04
                     6170    1.234549771000000E+03    2.315050189797949E+04
                     6180    1.236582214000000E+03    2.301966835206119E+04
                     6190    1.238642738000000E+03    2.299111833736280E+04
                     6200    1.240705053000000E+03    2.332529559672979E+04
                     6210    1.242602827000000E+03    2.321604869079831E+04
                     6220    1.244511686000000E+03    2.326284001304203E+04
                     6230    1.246553853000000E+03    2.313586015995567E+04
                     6240    1.248515755000000E+03    2.307468961118007E+04
                     6250    1.250512261000000E+03    2.291246982636630E+04
                     6260    1.252655045000000E+03    2.310383599021761E+04
                     6270    1.254388856000000E+03    2.325191797959628E+04
                     6280    1.256345721000000E+03    2.303475486469727E+04
                     6290    1.258375082000000E+03    2.348597606583558E+04
                     6300    1.260204989000000E+03    2.336756123771537E+04
                     6310    1.262199008000000E+03    2.317347271915911E+04
                     6320    1.263991121000000E+03    2.301071371615938E+04
                     6330    1.266005978000000E+03    2.295053047879239E+04
                     6340    1.267955871000000E+03    2.330017057878550E+04
                     6350    1.269973829000000E+03    2.308335079123446E+04
                     6360    1.272066322000000E+03    2.336487484584803E+04
                     6370    1.273973911000000E+03    2.310080417943544E+04
                     6380    1.276104988000000E+03    2.315782523852367E+04
                     6390    1.278246118000000E+03    2.311507773795809E+04
                     6400    1.280105208000000E+03    2.309318102878868E+04
                     6410    1.282055650000000E+03    2.303913064547533E+04
                     6420    1.284009885000000E+03    2.292737562006094E+04
                     6430    1.285918386000000E+03    2.315716312124160E+04
                     6440    1.287930932000000E+03    2.309214195878286E+04
                     6450    1.289743690000000E+03    2.318552134721548E+04
                     6460    1.291755723000000E+03    2.319487023961240E+04
                     6470    1.293652688000000E+03    2.332661444372389E+04
                     6480    1.295573131000000E+03    2.342896749546093E+04
                     6490    1.297606836000000E+03    2.341025807487644E+04
                     6500    1.299571982000000E+03    2.318965206930493E+04
                     6510    1.301504325000000E+03    2.302555357572821E+04
                     6520    1.303537426000000E+03    2.293522680222139E+04
                     6530    1.305660655000000E+03    2.338327792616111E+04
                     6540    1.307818951000000E+03    2.309520173531551E+04
                     6550    1.309664096000000E+03    2.311426820156862E+04
                     6560    1.311726801000000E+03    2.290219796493450E+04
                     6570    1.313871819000000E+03    2.269162186666663E+04
                     6580    1.315817470000000E+03    2.282582323668511E+04
                     6590    1.317612290000000E+03    2.307603519692401E+04
                     6600    1.319532734000000E+03    2.333902601004310E+04
                     6610    1.321437074000000E+03    2.303652648087268E+04
                     6620    1.323480399000000E+03    2.305060160742661E+04
                     6630    1.325555249000000E+03    2.291605837523581E+04
                     6640    1.327505880000000E+03    2.312059700722853E+04
                     6650    1.329418299000000E+03    2.303022852806213E+04
                     6660    1.331294802000000E+03    2.308583155651377E+04
                     6670    1.333348741000000E+03    2.288511617303357E+04
                     6680    1.335233639000000E+03    2.308253865128451E+04
                     6690    1.337039604000000E+03    2.318718000855354E+04
                     6700    1.339237824000000E+03    2.322258494742009E+04
                     6710    1.341205628000000E+03    2.291692326857666E+04
                     6720    1.343168164000000E+03    2.337029559228475E+04
                     6730    1.345291635000000E+03    2.336111442512876E+04
                     6740    1.347115662000000E+03    2.317177300895587E+04
                     6750    1.349214014000000E+03    2.292208997927456E+04
                     6760    1.351256471000000E+03    2.297744309510857E+04
                     6770    1.353263398000000E+03    2.306082421664376E+04
                     6780    1.355064477000000E+03    2.304942089592985E+04
                     6790    1.357126112000000E+03    2.306262017848408E+04
                     6800    1.359256599000000E+03    2.296751128688241E+04
                     6810    1.361277907000000E+03    2.326057587313662E+04
                     6820    1.363265687000000E+03    2.300306134610913E+04
                     6830    1.365154155000000E+03    2.303174656016105E+04
                     6840    1.367383855000000E+03    2.313700269610993E+04
                     6850    1.369222318000000E+03    2.306317508838311E+04
                     6860    1.371199317000000E+03    2.302693494041163E+04
                     6870    1.373116656000000E+03    2.361513682148069E+04
                     6880    1.374960778000000E+03    2.322869979962209E+04
                     6890    1.376906978000000E+03    2.302630041485052E+04
                     6900    1.378981368000000E+03    2.331385718678604E+04
                     6910    1.381122661000000E+03    2.319851352342490E+04
                     6920    1.383195866000000E+03    2.297309234007660E+04
                     6930    1.385307734000000E+03    2.305209935174417E+04
                     6940    1.387421604000000E+03    2.292347133509870E+04
                     6950    1.389313111000000E+03    2.326486014960217E+04
                     6960    1.391199471000000E+03    2.325993171372222E+04
                     6970    1.393334346000000E+03    2.296778496969531E+04
                     6980    1.395442402000000E+03    2.305128478946773E+04
                     6990    1.397376349000000E+03    2.306356248034564E+04
                     7000    1.399439990000000E+03    2.278766537580618E+04
                     7010    1.401339529000000E+03    2.301182322841950E+04
                     7020    1.403405769000000E+03    2.295659427094673E+04
                     7030    1.405596308000000E+03    2.300633407794803E+04
                     7040    1.407698192000000E+03    2.334187851963579E+04
                     7050    1.409553281000000E+03    2.311539660807251E+04
                     7060    1.411334800000000E+03    2.275614866798795E+04
                     7070    1.413317674000000E+03    2.277648534725136E+04
                     7080    1.415156761000000E+03    2.302265769717664E+04
                     7090    1.417165787000000E+03    2.315044792650593E+04
                     7100    1.419070238000000E+03    2.318739481193271E+04
                     7110    1.421139018000000E+03    2.288578716477568E+04
                     7120    1.423067353000000E+03    2.319468748583424E+04
                     7130    1.425016367000000E+03    2.282271412070180E+04
                     7140    1.427143074000000E+03    2.317139424525381E+04
                     7150    1.429141471000000E+03    2.315887278202837E+04
                     7160    1.431171898000000E+03    2.322468136966362E+04
                     7170    1.433280678000000E+03    2.311320105388365E+04
                     7180    1.435331738000000E+03    2.297053292543900E+04
                     7190    1.437207990000000E+03    2.303014461585144E+04
                     7200    1.439234008000000E+03    2.308523979104706E+04
                     7210    1.441033102000000E+03    2.303662338436204E+04
                     7220    1.443058609000000E+03    2.315491136105640E+04
                     7230    1.445034450000000E+03    2.327513690232811E+04
                     7240    1.446847564000000E+03    2.319396362563772E+04
                     7250    1.448663243000000E+03    2.321783687043006E+04
                     7260    1.450803763000000E+03    2.279618274513146E+04
                     7270    1.453009967000000E+03    2.299998303086109E+04
                     7280    1.455118405000000E+03    2.302920959004277E+04
                     7290    1.457195030000000E+03    2.311314102321844E+04
                     7300    1.459047659000000E+03    2.325534745892869E+04
                     7310    1.460863961000000E+03    2.324221607776530E+04
                     7320    1.462884915000000E+03    2.278687497417249E+04
                     7330    1.464990553000000E+03    2.281621867238516E+04
                     7340    1.466816885000000E+03    2.314076271818427E+04
                     7350    1.468918605000000E+03    2.300655253664728E+04
                     7360    1.470781723000000E+03    2.283779937247554E+04
                     7370    1.472936434000000E+03    2.280073002775895E+04
                     7380    1.474964897000000E+03    2.316042647633609E+04
                     7390    1.477006647000000E+03    2.330702689270721E+04
                     7400    1.479070300000000E+03    2.304285481585180E+04
                     7410    1.481089043000000E+03    2.294750230836932E+04
                     7420    1.482917716000000E+03    2.312212422598661E+04
                     7430    1.484948583000000E+03    2.302589978738922E+04
                     7440    1.487008251000000E+03    2.312298076898398E+04
                     7450    1.488999463000000E+03    2.330987859241993E+04
                     7460    1.491016584000000E+03    2.307747349566191E+04
                     7470    1.492891798000000E+03    2.303329888235921E+04
                     7480    1.495048917000000E+03    2.294201150411488E+04
                     7490    1.497132006000000E+03    2.289389669346967E+04
                     7500    1.499179905000000E+03    2.295309976261762E+04
                     7510    1.501246195000000E+03    2.284432697043163E+04
                     7520    1.503145777000000E+03    2.306412292156799E+04
                     7530    1.504891638000000E+03    2.318543840111110E+04
                     7540    1.506848307000000E+03    2.294984811252662E+04
                     7550    1.508904523000000E+03    2.316251661750243E+04
                     7560    1.510972545000000E+03    2.332360415783233E+04
                     7570    1.512841497000000E+03    2.323070923480451E+04
                     7580    1.514767528000000E+03    2.295151072308252E+04
                     7590    1.516743975000000E+03    2.332074857747791E+04
                     7600    1.518756373000000E+03    2.305457715470869E+04
                     7610    1.520781514000000E+03    2.270677583965613E+04
                     7620    1.522535709000000E+03    2.263070806711992E+04
                     7630    1.524346616000000E+03    2.321918410852944E+04
                     7640    1.526298845000000E+03    2.307275931221542E+04
                     7650    1.528336846000000E+03    2.285037414228254E+04
                     7660    1.530265956000000E+03    2.295667719865035E+04
                     7670    1.532227582000000E+03    2.272757904828004E+04
                     7680    1.534267265000000E+03    2.286390029072017E+04
                     7690    1.536293355000000E+03    2.306342500025213E+04
                     7700    1.538232996000000E+03    2.291308302604220E+04
                     7710    1.540281966000000E+03    2.288582536249177E+04
                     7720    1.542319060000000E+03    2.298704501934963E+04
                     7730    1.544377918000000E+03    2.282044152701703E+04
                     7740    1.546430424000000E+03    2.291959756736504E+04
                     7750    1.548386486000000E+03    2.272614841940074E+04
                     7760    1.550264060000000E+03    2.319637116402726E+04
                     7770    1.552312259000000E+03    2.277547853475739E+04
                     7780    1.554138562000000E+03    2.293493028031825E+04
                     7790    1.556311947000000E+03    2.278954880415792E+04
                     7800    1.558235587000000E+03    2.282121720789220E+04
                     7810    1.560077930000000E+03    2.292329820937717E+04
                     7820    1.561974259000000E+03    2.314148435139152E+04
                     7830    1.563747921000000E+03    2.297286832328307E+04
                     7840    1.565639722000000E+03    2.298768748351523E+04
                     7850    1.567764495000000E+03    2.292832347159738E+04
                     7860    1.569769737000000E+03    2.299559040531252E+04
                     7870    1.571914799000000E+03    2.286512918151658E+04
                     7880    1.573834804000000E+03    2.296227646101187E+04
                     7890    1.575744853000000E+03    2.284336070961818E+04
                     7900    1.577732294000000E+03    2.280488891408023E+04
                     7910    1.579599821000000E+03    2.280398113132043E+04
                     7920    1.581455048000000E+03    2.266436803078892E+04
                     7930    1.583313276000000E+03    2.304999375877403E+04
                     7940    1.585153687000000E+03    2.264607007751655E+04
                     7950    1.587179160000000E+03    2.298458970708453E+04
                     7960    1.589116375000000E+03    2.295282005445246E+04
                     7970    1.591211657000000E+03    2.284217282457582E+04
                     7980    1.593365051000000E+03    2.299374892009741E+04
                     7990    1.595332324000000E+03    2.341690563560584E+04
                     8000    1.597207284000000E+03    2.294854440070040E+04
                     8010    1.599167486000000E+03    2.289454846559353E+04
                     8020    1.601156945000000E+03    2.308744345753925E+04
                     8030    1.603113898000000E+03    2.329254671062585E+04
                     8040    1.605245003000000E+03    2.320413450819822E+04
                     8050    1.607372441000000E+03    2.295828927342015E+04
                     8060    1.609399036000000E+03    2.281784666846772E+04
                     8070    1.611403302000000E+03    2.310943561570026E+04
                     8080    1.613353273000000E+03    2.292317952435445E+04
                     8090    1.615405069000000E+03    2.332541049327848E+04
                     8100    1.617269031000000E+03    2.309906247564243E+04
                     8110    1.619306000000000E+03    2.337504308033376E+04
                     8120    1.621300659000000E+03    2.328970452882035E+04
                     8130    1.623181901000000E+03    2.321633888394732E+04
                     8140    1.625166790000000E+03    2.300810928729582E+04
                     8150    1.627096882000000E+03    2.306802847067626E+04
                     8160    1.629154538000000E+03    2.310989566665058E+04
                     8170    1.631073940000000E+03    2.316534008347194E+04
                     8180    1.633050715000000E+03    2.306890849905869E+04
                     8190    1.634976817000000E+03    2.286829468471168E+04
                     8200    1.637213133000000E+03    2.322266521743487E+04
                     8210    1.639277561000000E+03    2.311493314052171E+04
                     8220    1.641218344000000E+03    2.300722362567761E+04
                     8230    1.643414155000000E+03    2.315370450352965E+04
                     8240    1.645241768000000E+03    2.291100860871500E+04
                     8250    1.647291529000000E+03    2.306451046506805E+04
                     8260    1.649327814000000E+03    2.300096001754528E+04
                     8270    1.651293908000000E+03    2.300242317320651E+04
                     8280    1.653293647000000E+03    2.309532683772962E+04
                     8290    1.654981656000000E+03    2.306684754965853E+04
                     8300    1.657063786000000E+03    2.301807974482951E+04
                     8310    1.659265760000000E+03    2.317285013918115E+04
                     8320    1.661266459000000E+03    2.301476729459657E+04
                     8330    1.663179782000000E+03    2.301084427139663E+04
                     8340    1.664959330000000E+03    2.314126591538695E+04
                     8350    1.667082418000000E+03    2.316071332277902E+04
                     8360    1.669133219000000E+03    2.304760926814808E+04
                     8370    1.671280061000000E+03    2.319271308838154E+04
                     8380    1.673000829000000E+03    2.315490497502247E+04
                     8390    1.674949446000000E+03    2.292138694330537E+04
                     8400    1.676806546000000E+03    2.311547150375318E+04
                     8410    1.679001694000000E+03    2.282532230095737E+04
                     8420    1.681042092000000E+03    2.296653401636644E+04
                     8430    1.683118672000000E+03    2.261747486039504E+04
                     8440    1.685079506000000E+03    2.314586458806316E+04
                     8450    1.687007163000000E+03    2.290501406387676E+04
                     8460    1.689052977000000E+03    2.319547425462083E+04
                     8470    1.691282958000000E+03    2.300215310773328E+04
                     8480    1.693330532000000E+03    2.315901800285041E+04
                     8490    1.695145750000000E+03    2.353921813337570E+04
                     8500    1.697143103000000E+03    2.292649406520793E+04
                     8510    1.699008859000000E+03    2.279458114043523E+04
                     8520    1.701098970000000E+03    2.272505624524864E+04
                     8530    1.703202844000000E+03    2.302107532879739E+04
                     8540    1.705175648000000E+03    2.284328712527177E+04
                     8550    1.706887821000000E+03    2.273403934534367E+04
                     8560    1.708804098000000E+03    2.322608363740508E+04
                     8570    1.710867913000000E+03    2.302690090223176E+04
                     8580    1.712718148000000E+03    2.320515235282932E+04
                     8590    1.714780435000000E+03    2.315079145742591E+04
                     8600    1.716951042000000E+03    2.332761635952501E+04
                     8610    1.719121112000000E+03    2.279472915975344E+04
                     8620    1.721240532000000E+03    2.302696146806555E+04
                     8630    1.723333022000000E+03    2.308026008636356E+04
                     8640    1.725523155000000E+03    2.284497870621912E+04
                     8650    1.727557839000000E+03    2.328483966726845E+04
                     8660    1.729547853000000E+03    2.324825366048141E+04
                     8670    1.731683013000000E+03    2.317906117126040E+04
                     8680    1.733683555000000E+03    2.314592060499041E+04
                     8690    1.735561454000000E+03    2.300841643052248E+04
                     8700    1.737732623000000E+03    2.288033033463998E+04
                     8710    1.739900987000000E+03    2.289524419699412E+04
                     8720    1.741855976000000E+03    2.302990980472070E+04
                     8730    1.743641738000000E+03    2.286384549482168E+04
                     8740    1.745707717000000E+03    2.296958353683688E+04
                     8750    1.747606923000000E+03    2.326665539920285E+04
                     8760    1.749482525000000E+03    2.321698323694929E+04
                     8770    1.751505412000000E+03    2.323144710435221E+04
                     8780    1.753580810000000E+03    2.344777077477418E+04
                     8790    1.755482697000000E+03    2.297217214977216E+04
                     8800    1.757329998000000E+03    2.315655614674922E+04
                     8810    1.759188482000000E+03    2.289236187657568E+04
                     8820    1.761262549000000E+03    2.282185854712402E+04
                     8830    1.763223992000000E+03    2.321564032947585E+04
                     8840    1.765330822000000E+03    2.296951697717787E+04
                     8850    1.767255364000000E+03    2.301825594346283E+04
                     8860    1.769142094000000E+03    2.329602515192641E+04
                     8870    1.771007362000000E+03    2.309053925171225E+04
                     8880    1.773057556000000E+03    2.290346070446103E+04
                     8890    1.774876621000000E+03    2.315664657130854E+04
                     8900    1.776788081000000E+03    2.293228581206377E+04
                     8910    1.778852717000000E+03    2.286517556332020E+04
                     8920    1.780809330000000E+03    2.303620989929583E+04
                     8930    1.782853647000000E+03    2.284413272675289E+04
                     8940    1.784864629000000E+03    2.272220858789956E+04
                     8950    1.787097683000000E+03    2.299816041356666E+04
                     8960    1.789118198000000E+03    2.329400988671264E+04
                     8970    1.791180034000000E+03    2.326908192232125E+04
                     8980    1.792924867000000E+03    2.321106942176364E+04
                     8990    1.794873089000000E+03    2.304578479619931E+04
                     9000    1.796994278000000E+03    2.311165322014104E+04
                     9010    1.799117907000000E+03    2.308924266983335E+04
                     9020    1.801175918000000E+03    2.294280621265585E+04
                     9030    1.803177121000000E+03    2.295691328584005E+04
                     9040    1.805247341000000E+03    2.326898717658597E+04
                     9050    1.807181532000000E+03    2.329970235968868E+04
                     9060    1.809367337000000E+03    2.307435946057245E+04
                     9070    1.811359093000000E+03    2.292966932670092E+04
                     9080    1.813413122000000E+03    2.299453296029323E+04
                     9090    1.815236443000000E+03    2.300764922525456E+04
                     9100    1.816978424000000E+03    2.277755683084895E+04
                     9110    1.819021341000000E+03    2.284343463951100E+04
                     9120    1.820874690000000E+03    2.314167627806347E+04
                     9130    1.822743447000000E+03    2.307985876559892E+04
                     9140    1.824658086000000E+03    2.313682566628719E+04
                     9150    1.826497311000000E+03    2.330644992390950E+04
                     9160    1.828435430000000E+03    2.306946726621761E+04
                     9170    1.830451130000000E+03    2.293329740671149E+04
                     9180    1.832457692000000E+03    2.295914192656219E+04
                     9190    1.834652616000000E+03    2.297853973997815E+04
                     9200    1.836801188000000E+03    2.331622114903919E+04
                     9210    1.838762644000000E+03    2.327014443651441E+04
                     9220    1.840848391000000E+03    2.312338001108442E+04
                     9230    1.842728172000000E+03    2.299091627033502E+04
                     9240    1.844618637000000E+03    2.325154608812272E+04
                     9250    1.846819496000000E+03    2.280223931717461E+04
                     9260    1.848717012000000E+03    2.287945859114697E+04
                     9270    1.850749938000000E+03    2.296149992407639E+04
                     9280    1.852769659000000E+03    2.304271237437711E+04
                     9290    1.854722841000000E+03    2.311795153384787E+04
                     9300    1.856576581000000E+03    2.338910254343644E+04
                     9310    1.858597177000000E+03    2.354802488479114E+04
                     9320    1.860625261000000E+03    2.323772514918850E+04
                     9330    1.862639983000000E+03    2.286212960152346E+04
                     9340    1.864430972000000E+03    2.286715930255652E+04
                     9350    1.866640164000000E+03    2.296500588374282E+04
                     9360    1.868596680000000E+03    2.298083492934669E+04
                     9370    1.870595743000000E+03    2.306427110633377E+04
                     9380    1.872708603000000E+03    2.294037738127634E+04
                     9390    1.874911328000000E+03    2.294650232191537E+04
                     9400    1.877064559000000E+03    2.282779863921359E+04
                     9410    1.879088014000000E+03    2.284741202240952E+04
                     9420    1.881184096000000E+03    2.295404258824729E+04
                     9430    1.883104847000000E+03    2.322605059586733E+04
                     9440    1.885250246000000E+03    2.303451501828468E+04
                     9450    1.887231842000000E+03    2.307905649049838E+04
                     9460    1.889188634000000E+03    2.313227771846135E+04
                     9470    1.891302792000000E+03    2.291855606572852E+04
                     9480    1.893067827000000E+03    2.289005344202436E+04
                     9490    1.895137879000000E+03    2.330158141611074E+04
                     9500    1.897023663000000E+03    2.280314231523183E+04
                     9510    1.898815011000000E+03    2.275250200739980E+04
                     9520    1.900694836000000E+03    2.301222946659101E+04
                     9530    1.902596789000000E+03    2.276015759853974E+04
                     9540    1.904692650000000E+03    2.290305854415354E+04
                     9550    1.906709451000000E+03    2.302298111612616E+04
                     9560    1.908424907000000E+03    2.295407953608595E+04
                     9570    1.910469773000000E+03    2.308309024914638E+04
                     9580    1.912508710000000E+03    2.317214114306003E+04
                     9590    1.914548127000000E+03    2.299333132147132E+04
                     9600    1.916371719000000E+03    2.299250484881622E+04
                     9610    1.918330162000000E+03    2.308313124631306E+04
                     9620    1.920353940000000E+03    2.334068578541034E+04
                     9630    1.922187673000000E+03    2.322983254657903E+04
                     9640    1.924224487000000E+03    2.317580293954692E+04
                     9650    1.926266190000000E+03    2.281475915541027E+04
                     9660    1.928066042000000E+03    2.283817403262921E+04
                     9670    1.929963242000000E+03    2.288510535440663E+04
                     9680    1.931944115000000E+03    2.292004531351571E+04
                     9690    1.933889900000000E+03    2.303287287049249E+04
                     9700    1.936026842000000E+03    2.280886814578138E+04
                     9710    1.938107112000000E+03    2.290757054121808E+04
                     9720    1.940268409000000E+03    2.281938453897731E+04
                     9730    1.942317467000000E+03    2.293261040207818E+04
                     9740    1.944237261000000E+03    2.298202756017728E+04
                     9750    1.946288059000000E+03    2.283386437715349E+04
                     9760    1.948264004000000E+03    2.288251719266184E+04
                     9770    1.950015324000000E+03    2.303828662699836E+04
                     9780    1.951978253000000E+03    2.277069091180760E+04
                     9790    1.954035764000000E+03    2.271793526027243E+04
                     9800    1.955960689000000E+03    2.313687912482783E+04
                     9810    1.958024056000000E+03    2.306689010062131E+04
                     9820    1.959898765000000E+03    2.302094479826344E+04
                     9830    1.961941835000000E+03    2.317352369171248E+04
                     9840    1.963807001000000E+03    2.286874190555983E+04
                     9850    1.965964009000000E+03    2.305781997221624E+04
                     9860    1.967839907000000E+03    2.315590291939312E+04
                     9870    1.969766926000000E+03    2.315270577674495E+04
                     9880    1.971894493000000E+03    2.311676787504974E+04
                     9890    1.973903893000000E+03    2.323314740848021E+04
                     9900    1.975874815000000E+03    2.325304935349913E+04
                     9910    1.978074592000000E+03    2.331160438859605E+04
                     9920    1.980238226000000E+03    2.315790554505439E+04
                     9930    1.982220920000000E+03    2.292011961653476E+04
                     9940    1.984277124000000E+03    2.293558550243282E+04
                     9950    1.986279509000000E+03    2.311020190752140E+04
                     9960    1.988337945000000E+03    2.317714581803056E+04
                     9970    1.990362552000000E+03    2.301086110829837E+04
                     9980    1.992203193000000E+03    2.304958476961357E+04
                     9990    1.994160360000000E+03    2.271048333681715E+04
                    10000    1.996163577000000E+03    2.292222973346862E+04
                    10010    1.998292256000000E+03    2.300582289875567E+04
                    10020    2.000360892000000E+03    2.284005458884597E+04
                    10030    2.002394521000000E+03    2.324409819654898E+04
                    10040    2.004484869000000E+03    2.295566611956945E+04
                    10050    2.006507818000000E+03    2.305649538492147E+04
                    10060    2.008417903000000E+03    2.308711125368342E+04
                    10070    2.010517210000000E+03    2.311195532474941E+04
                    10080    2.012498971000000E+03    2.315166522551273E+04
                    10090    2.014385963000000E+03    2.307368574319130E+04
                    10100    2.016380462000000E+03    2.298923816221481E+04
                    10110    2.018363619000000E+03    2.284850286644646E+04
                    10120    2.020421008000000E+03    2.306313604349136E+04
                    10130    2.022435662000000E+03    2.295486127382665E+04
                    10140    2.024502302000000E+03    2.306364106949616E+04
                    10150    2.026551206000000E+03    2.289207584543840E+04
                    10160    2.028670603000000E+03    2.293276164807969E+04
                    10170    2.030599728000000E+03    2.275211591123992E+04
                    10180    2.032723869000000E+03    2.311811691276765E+04
                    10190    2.034611101000000E+03    2.325620733897515E+04
                    10200    2.036641442000000E+03    2.317697615421849E+04
                    10210    2.038856551000000E+03    2.323404581761380E+04
                    10220    2.040914349000000E+03    2.305941800898736E+04
                    10230    2.042845663000000E+03    2.305857260310731E+04
                    10240    2.044783928000000E+03    2.311686672649418E+04
                    10250    2.046541300000000E+03    2.304230272639905E+04
                    10260    2.048451719000000E+03    2.302297007217013E+04
                    10270    2.050544124000000E+03    2.294963491673223E+04
                    10280    2.052564756000000E+03    2.316883516494840E+04
                    10290    2.054314620000000E+03    2.328518342636866E+04
                    10300    2.056154208000000E+03    2.334318010205518E+04
                    10310    2.058249025000000E+03    2.305873438742323E+04
                    10320    2.060300182000000E+03    2.311041728061567E+04
                    10330    2.062554484000000E+03    2.307196629630133E+04
                    10340    2.064463820000000E+03    2.299757550796805E+04
                    10350    2.066392093000000E+03    2.287945071721627E+04
                    10360    2.068663881000000E+03    2.296009938670735E+04
                    10370    2.070738310000000E+03    2.278511032366757E+04
                    10380    2.072529559000000E+03    2.285821697114602E+04
                    10390    2.074616969000000E+03    2.291588377536606E+04
                    10400    2.076615980000000E+03    2.311098483332902E+04
                    10410    2.078556733000000E+03    2.302272741651609E+04
                    10420    2.080352729000000E+03    2.303064988683675E+04
                    10430    2.082274813000000E+03    2.308679942879971E+04
                    10440    2.084181145000000E+03    2.304543318648411E+04
                    10450    2.086207129000000E+03    2.285064658999370E+04
                    10460    2.088188634000000E+03    2.283392452319088E+04
                    10470    2.090232248000000E+03    2.302870226305956E+04
                    10480    2.092329997000000E+03    2.319880372413983E+04
                    10490    2.094229278000000E+03    2.328891487060230E+04
                    10500    2.096290889000000E+03    2.321609757691161E+04
                    10510    2.098154086000000E+03    2.323728731848062E+04
                    10520    2.100129982000000E+03    2.306261278046868E+04
                    10530    2.102199586000000E+03    2.315360856311363E+04
                    10540    2.104171434000000E+03    2.290155795490211E+04
                    10550    2.106257298000000E+03    2.314265212646566E+04
                    10560    2.108406425000000E+03    2.304838852395368E+04
                    10570    2.110211942000000E+03    2.316070271237571E+04
                    10580    2.112220230000000E+03    2.306950076016728E+04
                    10590    2.114135266000000E+03    2.302437658598394E+04
                    10600    2.116008777000000E+03    2.317394614336287E+04
                    10610    2.117882274000000E+03    2.328573318489274E+04
                    10620    2.119908824000000E+03    2.309253009898829E+04
                    10630    2.121781057000000E+03    2.286125044609761E+04
                    10640    2.123805461000000E+03    2.280093471405662E+04
                    10650    2.125788186000000E+03    2.325079628944067E+04
                    10660    2.127875098000000E+03    2.291987730491424E+04
                    10670    2.129710830000000E+03    2.318073691915428E+04
                    10680    2.131722276000000E+03    2.297684755414507E+04
                    10690    2.133449707000000E+03    2.306304856798617E+04
                    10700    2.135441350000000E+03    2.297475320363104E+04
                    10710    2.137492362000000E+03    2.275177091792239E+04
                    10720    2.139518924000000E+03    2.266785785923952E+04
                    10730    2.141313962000000E+03    2.299271741103072E+04
                    10740    2.143397180000000E+03    2.270996863027136E+04
                    10750    2.145483279000000E+03    2.288746873061307E+04
