#                  100000                    lines
#       Iterationsschritt                     Zeit       Bester Fitnesswert
                        1    2.572237500000000E-01    5.131895841022008E+03
                       10    1.064603750000000E+00    4.720562413607374E+03
                       20    1.989309750000000E+00    3.965391235783800E+03
                       30    2.888397750000000E+00    3.518510429981800E+03
                       40    3.871508250000000E+00    3.518510429981800E+03
                       50    4.909332750000000E+00    3.493413990345509E+03
                       60    5.891501000000000E+00    3.424281109093551E+03
                       70    6.881086500000000E+00    3.424281109093551E+03
                       80    7.884824750000000E+00    3.325587339859720E+03
                       90    8.910237000000000E+00    3.283725749405420E+03
                      100    9.857958250000001E+00    3.256196191258131E+03
                      110    1.088464275000000E+01    3.256196191258131E+03
                      120    1.194242100000000E+01    3.256196191258131E+03
                      130    1.295024875000000E+01    3.102243784505378E+03
                      140    1.392688350000000E+01    2.995424647641476E+03
                      150    1.494816475000000E+01    2.976433136912434E+03
                      160    1.598995800000000E+01    2.976433136912434E+03
                      170    1.704012425000000E+01    2.947692356002077E+03
                      180    1.804627400000000E+01    2.945569561401951E+03
                      190    1.908941925000000E+01    2.944787126254537E+03
                      200    2.011300175000000E+01    2.944787126254537E+03
                      210    2.116356000000000E+01    2.931708465270698E+03
                      220    2.221352800000000E+01    2.925081048272728E+03
                      230    2.330941300000000E+01    2.925081048272728E+03
                      240    2.435488675000000E+01    2.925081048272728E+03
                      250    2.538146325000000E+01    2.925081048272728E+03
                      260    2.646065425000000E+01    2.925081048272728E+03
                      270    2.749484225000000E+01    2.918479131260363E+03
                      280    2.853562650000000E+01    2.918479131260363E+03
                      290    2.959153675000000E+01    2.918259762276215E+03
                      300    3.069430325000000E+01    2.915957064452220E+03
                      310    3.178302575000000E+01    2.915957064452220E+03
                      320    3.286143425000000E+01    2.915957064452220E+03
                      330    3.391254550000000E+01    2.915957064452220E+03
                      340    3.499928275000000E+01    2.915957064452220E+03
                      350    3.606081600000000E+01    2.915957064452220E+03
                      360    3.714306575000000E+01    2.915957064452220E+03
                      370    3.820872400000000E+01    2.915957064452220E+03
                      380    3.928349125000000E+01    2.915957064452220E+03
                      390    4.035622225000000E+01    2.915957064452220E+03
                      400    4.145842475000000E+01    2.915957064452220E+03
                      410    4.252666100000000E+01    2.915957064452220E+03
                      420    4.362929625000000E+01    2.915957064452220E+03
                      430    4.467997925000000E+01    2.915957064452220E+03
                      440    4.578575525000000E+01    2.909329647454250E+03
                      450    4.683341500000000E+01    2.909329647454250E+03
                      460    4.793062800000000E+01    2.909329647454250E+03
                      470    4.901320575000000E+01    2.909329647454250E+03
                      480    5.005176725000000E+01    2.909329647454250E+03
                      490    5.110548575000000E+01    2.909329647454250E+03
                      500    5.220970400000000E+01    2.909329647454250E+03
                      510    5.328626475000000E+01    2.909329647454250E+03
                      520    5.437718800000000E+01    2.909329647454250E+03
                      530    5.544917900000000E+01    2.909329647454250E+03
                      540    5.655177825000000E+01    2.907012979378135E+03
                      550    5.765202975000000E+01    2.907012979378135E+03
                      560    5.874291125000000E+01    2.904590774276279E+03
                      570    5.983728600000000E+01    2.904590774276279E+03
                      580    6.091396100000000E+01    2.904590774276279E+03
                      590    6.198914500000000E+01    2.904590774276279E+03
                      600    6.308459650000000E+01    2.904590774276279E+03
                      610    6.415421000000001E+01    2.904590774276279E+03
                      620    6.523794675000001E+01    2.904590774276279E+03
                      630    6.630605174999999E+01    2.904590774276279E+03
                      640    6.737184300000000E+01    2.904590774276279E+03
                      650    6.846304775000000E+01    2.904590774276279E+03
                      660    6.951174525000000E+01    2.904590774276279E+03
                      670    7.059594174999999E+01    2.904590774276279E+03
                      680    7.168076650000000E+01    2.897054187356350E+03
                      690    7.272944450000000E+01    2.897054187356350E+03
                      700    7.381499549999999E+01    2.897054187356350E+03
                      710    7.486851600000000E+01    2.897054187356350E+03
                      720    7.592353475000000E+01    2.897054187356350E+03
                      730    7.697492950000000E+01    2.897054187356350E+03
                      740    7.806739400000001E+01    2.897054187356350E+03
                      750    7.919896250000001E+01    2.897054187356350E+03
                      760    8.026766525000001E+01    2.897054187356350E+03
                      770    8.134797250000000E+01    2.897054187356350E+03
                      780    8.239166575000000E+01    2.897054187356350E+03
                      790    8.348853225000001E+01    2.897054187356350E+03
                      800    8.456508725000000E+01    2.897054187356350E+03
                      810    8.565358325000000E+01    2.897054187356350E+03
                      820    8.669898100000000E+01    2.897054187356350E+03
                      830    8.775399675000000E+01    2.897054187356350E+03
                      840    8.882381200000000E+01    2.897054187356350E+03
                      850    8.988217000000000E+01    2.897054187356350E+03
                      860    9.095908750000000E+01    2.897054187356350E+03
                      870    9.198631899999999E+01    2.897054187356350E+03
                      880    9.304585600000000E+01    2.897054187356350E+03
                      890    9.412720175000000E+01    2.897054187356350E+03
                      900    9.521686775000001E+01    2.897054187356350E+03
                      910    9.625159250000000E+01    2.896111300820109E+03
                      920    9.731737175000001E+01    2.896111300820109E+03
                      930    9.839932275000000E+01    2.896111300820109E+03
                      940    9.943637074999999E+01    2.896111300820109E+03
                      950    1.005067722500000E+02    2.896111300820109E+03
                      960    1.015823675000000E+02    2.896111300820109E+03
                      970    1.026617550000000E+02    2.896111300820109E+03
                      980    1.037300945000000E+02    2.896111300820109E+03
                      990    1.048283665000000E+02    2.896111300820109E+03
                     1000    1.059368405000000E+02    2.896111300820109E+03
                     1010    1.069930767500000E+02    2.896111300820109E+03
                     1020    1.080966272500000E+02    2.896111300820109E+03
                     1030    1.091987865000000E+02    2.896111300820109E+03
                     1040    1.103099480000000E+02    2.896111300820109E+03
                     1050    1.113715082500000E+02    2.896111300820109E+03
                     1060    1.124603930000000E+02    2.896111300820109E+03
                     1070    1.135291072500000E+02    2.896111300820109E+03
                     1080    1.146310472500000E+02    2.896111300820109E+03
                     1090    1.157355137500000E+02    2.896111300820109E+03
                     1100    1.168213585000000E+02    2.896111300820109E+03
                     1110    1.179099460000000E+02    2.896111300820109E+03
                     1120    1.190019462500000E+02    2.896111300820109E+03
                     1130    1.200555372500000E+02    2.896111300820109E+03
                     1140    1.211587005000000E+02    2.896111300820109E+03
                     1150    1.222560317500000E+02    2.896111300820109E+03
                     1160    1.233599832500000E+02    2.896111300820109E+03
                     1170    1.244365890000000E+02    2.896111300820109E+03
                     1180    1.254975222500000E+02    2.896111300820109E+03
                     1190    1.266048447500000E+02    2.896111300820109E+03
                     1200    1.276932690000000E+02    2.896111300820109E+03
                     1210    1.287923330000000E+02    2.896111300820109E+03
                     1220    1.298613760000000E+02    2.896111300820109E+03
                     1230    1.309534155000000E+02    2.896111300820109E+03
                     1240    1.320441875000000E+02    2.896111300820109E+03
                     1250    1.331159365000000E+02    2.896111300820109E+03
                     1260    1.342293392500000E+02    2.896111300820109E+03
                     1270    1.353591192500000E+02    2.896111300820109E+03
                     1280    1.364965647500000E+02    2.896111300820109E+03
                     1290    1.376031362500000E+02    2.896111300820109E+03
                     1300    1.387099500000000E+02    2.896111300820109E+03
                     1310    1.397802640000000E+02    2.896111300820109E+03
                     1320    1.408743950000000E+02    2.893155434436395E+03
                     1330    1.419614150000000E+02    2.893155434436395E+03
                     1340    1.431559472500000E+02    2.893155434436395E+03
                     1350    1.442789227500000E+02    2.893155434436395E+03
                     1360    1.453691187500000E+02    2.893155434436395E+03
                     1370    1.464499170000000E+02    2.893155434436395E+03
                     1380    1.475493500000000E+02    2.893155434436395E+03
                     1390    1.486452785000000E+02    2.893155434436395E+03
                     1400    1.497323650000000E+02    2.893155434436395E+03
                     1410    1.508313185000000E+02    2.893155434436395E+03
                     1420    1.519121542500000E+02    2.893155434436395E+03
                     1430    1.529945865000000E+02    2.893155434436395E+03
                     1440    1.540652107500000E+02    2.893155434436395E+03
                     1450    1.551433077500000E+02    2.893155434436395E+03
                     1460    1.561981217500000E+02    2.893155434436395E+03
                     1470    1.572821095000000E+02    2.893155434436395E+03
                     1480    1.583601165000000E+02    2.893155434436395E+03
                     1490    1.594718542500000E+02    2.893155434436395E+03
                     1500    1.605460655000000E+02    2.893155434436395E+03
                     1510    1.616111830000000E+02    2.893155434436395E+03
                     1520    1.627004222500000E+02    2.893155434436395E+03
                     1530    1.637990302500000E+02    2.893155434436395E+03
                     1540    1.649156500000000E+02    2.893155434436395E+03
                     1550    1.659988600000000E+02    2.893155434436395E+03
                     1560    1.670886647500000E+02    2.893155434436395E+03
                     1570    1.681378177500000E+02    2.893155434436395E+03
                     1580    1.692061375000000E+02    2.893155434436395E+03
                     1590    1.702467955000000E+02    2.893155434436395E+03
                     1600    1.712804090000000E+02    2.893155434436395E+03
                     1610    1.723477152500000E+02    2.893155434436395E+03
                     1620    1.734609767500000E+02    2.893155434436395E+03
                     1630    1.745166885000000E+02    2.893155434436395E+03
                     1640    1.755889935000000E+02    2.893155434436395E+03
                     1650    1.766617357500000E+02    2.893155434436395E+03
                     1660    1.777482257500000E+02    2.893155434436395E+03
                     1670    1.788627025000000E+02    2.893155434436395E+03
                     1680    1.799368520000000E+02    2.893155434436395E+03
                     1690    1.809956340000000E+02    2.893155434436395E+03
                     1700    1.820550757500000E+02    2.893155434436395E+03
                     1710    1.831119607500000E+02    2.893155434436395E+03
                     1720    1.841983537500000E+02    2.893155434436395E+03
                     1730    1.852745475000000E+02    2.893155434436395E+03
                     1740    1.863571492500000E+02    2.893155434436395E+03
                     1750    1.874275647500000E+02    2.893155434436395E+03
                     1760    1.884976642500000E+02    2.893155434436395E+03
                     1770    1.895651632500000E+02    2.893155434436395E+03
                     1780    1.906533702500000E+02    2.893155434436395E+03
                     1790    1.917282002500000E+02    2.893155434436395E+03
                     1800    1.928297137500000E+02    2.893155434436395E+03
                     1810    1.939459927500000E+02    2.893155434436395E+03
                     1820    1.949989777500000E+02    2.893155434436395E+03
                     1830    1.960778670000000E+02    2.893155434436395E+03
                     1840    1.971955125000000E+02    2.893155434436395E+03
                     1850    1.982703332500000E+02    2.893155434436395E+03
                     1860    1.993267185000000E+02    2.893155434436395E+03
                     1870    2.004194342500000E+02    2.893155434436395E+03
                     1880    2.015237265000000E+02    2.893155434436395E+03
                     1890    2.025656160000000E+02    2.893155434436395E+03
                     1900    2.036770172500000E+02    2.893155434436395E+03
                     1910    2.047418850000000E+02    2.891928990858782E+03
                     1920    2.058477992500000E+02    2.891928990858782E+03
                     1930    2.069151892500000E+02    2.891928990858782E+03
                     1940    2.079849927500000E+02    2.891928990858782E+03
                     1950    2.091196272500000E+02    2.891928990858782E+03
                     1960    2.102244787500000E+02    2.891928990858782E+03
                     1970    2.113348260000000E+02    2.891928990858782E+03
                     1980    2.124169305000000E+02    2.891928990858782E+03
                     1990    2.135156982500000E+02    2.891928990858782E+03
                     2000    2.145625047500000E+02    2.891928990858782E+03
                     2010    2.156678312500000E+02    2.891928990858782E+03
                     2020    2.167698447500000E+02    2.891928990858782E+03
                     2030    2.178509880000000E+02    2.891928990858782E+03
                     2040    2.189356577500000E+02    2.891928990858782E+03
                     2050    2.199708377500000E+02    2.891928990858782E+03
                     2060    2.210367792500000E+02    2.891928990858782E+03
                     2070    2.221577022500000E+02    2.891928990858782E+03
                     2080    2.232087485000000E+02    2.891928990858782E+03
                     2090    2.242848757500000E+02    2.891928990858782E+03
                     2100    2.253342950000000E+02    2.891928990858782E+03
                     2110    2.263840387500000E+02    2.891928990858782E+03
                     2120    2.275005525000000E+02    2.891928990858782E+03
                     2130    2.286146327500000E+02    2.891928990858782E+03
                     2140    2.297158972500000E+02    2.891928990858782E+03
                     2150    2.307937260000000E+02    2.891928990858782E+03
                     2160    2.318525657500000E+02    2.891928990858782E+03
                     2170    2.329462762500000E+02    2.891928990858782E+03
                     2180    2.340038082500000E+02    2.891928990858782E+03
                     2190    2.351040722500000E+02    2.891928990858782E+03
                     2200    2.361696110000000E+02    2.891928990858782E+03
                     2210    2.372681240000000E+02    2.891928990858782E+03
                     2220    2.383187337500000E+02    2.891928990858782E+03
                     2230    2.393958382500000E+02    2.891928990858782E+03
                     2240    2.404602840000000E+02    2.891928990858782E+03
                     2250    2.415548152500000E+02    2.891928990858782E+03
                     2260    2.426389320000000E+02    2.891928990858782E+03
                     2270    2.437868132500000E+02    2.891928990858782E+03
                     2280    2.448518197500000E+02    2.891928990858782E+03
                     2290    2.459182142500000E+02    2.891928990858782E+03
                     2300    2.470213930000000E+02    2.891928990858782E+03
                     2310    2.480903485000000E+02    2.891928990858782E+03
                     2320    2.491476657500000E+02    2.891928990858782E+03
                     2330    2.502176455000000E+02    2.891928990858782E+03
                     2340    2.512817290000000E+02    2.891928990858782E+03
                     2350    2.523761855000000E+02    2.891928990858782E+03
                     2360    2.534443022500000E+02    2.891928990858782E+03
                     2370    2.545124447500000E+02    2.891928990858782E+03
                     2380    2.556036300000000E+02    2.891928990858782E+03
                     2390    2.567070045000000E+02    2.891928990858782E+03
                     2400    2.577442730000000E+02    2.891928990858782E+03
                     2410    2.588050234999999E+02    2.891928990858782E+03
                     2420    2.599118955000000E+02    2.891928990858782E+03
                     2430    2.609644787500000E+02    2.891928990858782E+03
                     2440    2.620098170000000E+02    2.891928990858782E+03
                     2450    2.630578597500000E+02    2.891928990858782E+03
                     2460    2.641185502500000E+02    2.891928990858782E+03
                     2470    2.652160237500000E+02    2.891928990858782E+03
                     2480    2.662949785000000E+02    2.891928990858782E+03
                     2490    2.673849465000000E+02    2.891928990858782E+03
                     2500    2.685099445000000E+02    2.891928990858782E+03
                     2510    2.696175945000000E+02    2.891928990858782E+03
                     2520    2.706951567500000E+02    2.891928990858782E+03
                     2530    2.717363252500000E+02    2.891928990858782E+03
                     2540    2.728021452500000E+02    2.891928990858782E+03
                     2550    2.739054882500000E+02    2.891928990858782E+03
                     2560    2.749803020000000E+02    2.891928990858782E+03
                     2570    2.760885842500000E+02    2.891928990858782E+03
                     2580    2.771697212500000E+02    2.891928990858782E+03
                     2590    2.782534659999999E+02    2.891928990858782E+03
                     2600    2.793763467500000E+02    2.891928990858782E+03
                     2610    2.804671815000000E+02    2.891928990858782E+03
                     2620    2.815280957500000E+02    2.891928990858782E+03
                     2630    2.825972047499999E+02    2.891928990858782E+03
                     2640    2.836584977500000E+02    2.891928990858782E+03
                     2650    2.847604700000000E+02    2.891928990858782E+03
                     2660    2.858673920000000E+02    2.891928990858782E+03
                     2670    2.869507557500000E+02    2.891928990858782E+03
                     2680    2.880233542500000E+02    2.891928990858782E+03
                     2690    2.890958845000000E+02    2.891928990858782E+03
                     2700    2.901848199999999E+02    2.891928990858782E+03
                     2710    2.912585480000000E+02    2.891928990858782E+03
                     2720    2.923240885000000E+02    2.891928990858782E+03
                     2730    2.934266197500000E+02    2.891928990858782E+03
                     2740    2.945657590000000E+02    2.891928990858782E+03
                     2750    2.956374975000000E+02    2.891928990858782E+03
                     2760    2.967417472499999E+02    2.891928990858782E+03
                     2770    2.978061645000000E+02    2.891928990858782E+03
                     2780    2.988743295000000E+02    2.891011094890556E+03
                     2790    2.999497867500000E+02    2.891011094890556E+03
                     2800    3.010404655000000E+02    2.891011094890556E+03
                     2810    3.020994460000000E+02    2.891011094890556E+03
                     2820    3.031824487500000E+02    2.891011094890556E+03
                     2830    3.042832795000000E+02    2.880741345323824E+03
                     2840    3.053771555000000E+02    2.880741345323824E+03
                     2850    3.065071502500000E+02    2.880741345323824E+03
                     2860    3.075663665000000E+02    2.880741345323824E+03
                     2870    3.086380640000000E+02    2.880741345323824E+03
                     2880    3.097077495000000E+02    2.880741345323824E+03
                     2890    3.108134214999999E+02    2.880741345323824E+03
                     2900    3.118955099999999E+02    2.880741345323824E+03
                     2910    3.129793747500000E+02    2.880741345323824E+03
                     2920    3.140362689999999E+02    2.880741345323824E+03
                     2930    3.151209497500000E+02    2.880741345323824E+03
                     2940    3.161694777500000E+02    2.880741345323824E+03
                     2950    3.173322472500000E+02    2.880741345323824E+03
                     2960    3.184239894999999E+02    2.880741345323824E+03
                     2970    3.194834882500000E+02    2.880741345323824E+03
                     2980    3.205612737500000E+02    2.880741345323824E+03
                     2990    3.216536092500000E+02    2.880741345323824E+03
                     3000    3.227386815000000E+02    2.880741345323824E+03
                     3010    3.238029675000000E+02    2.880741345323824E+03
                     3020    3.248604385000000E+02    2.873632848720953E+03
                     3030    3.259298340000000E+02    2.872207684041966E+03
                     3040    3.269854717500000E+02    2.872207684041966E+03
                     3050    3.280459705000000E+02    2.872207684041966E+03
                     3060    3.291655370000000E+02    2.872207684041966E+03
                     3070    3.302666550000000E+02    2.872207684041966E+03
                     3080    3.313553700000000E+02    2.872207684041966E+03
                     3090    3.324647692500000E+02    2.872207684041966E+03
                     3100    3.336026552500000E+02    2.872207684041966E+03
                     3110    3.346660874999999E+02    2.872207684041966E+03
                     3120    3.357292072499999E+02    2.872207684041966E+03
                     3130    3.368047547500000E+02    2.872207684041966E+03
                     3140    3.378723627500000E+02    2.872207684041966E+03
                     3150    3.389609020000000E+02    2.872207684041966E+03
                     3160    3.400257257500000E+02    2.872207684041966E+03
                     3170    3.411265410000000E+02    2.872207684041966E+03
                     3180    3.422333157500000E+02    2.872207684041966E+03
                     3190    3.433237252500000E+02    2.872207684041966E+03
                     3200    3.443962025000000E+02    2.872207684041966E+03
                     3210    3.454657307500000E+02    2.872207684041966E+03
                     3220    3.465641332500000E+02    2.872207684041966E+03
                     3230    3.476499037500000E+02    2.872207684041966E+03
                     3240    3.487586325000000E+02    2.872207684041966E+03
                     3250    3.498335607499999E+02    2.872207684041966E+03
                     3260    3.509141962500000E+02    2.872207684041966E+03
                     3270    3.519851172500000E+02    2.872207684041966E+03
                     3280    3.530969522500000E+02    2.872207684041966E+03
                     3290    3.541419245000000E+02    2.872207684041966E+03
                     3300    3.552043405000000E+02    2.872207684041966E+03
                     3310    3.563120820000000E+02    2.872207684041966E+03
                     3320    3.574190902500000E+02    2.872207684041966E+03
                     3330    3.585193102500000E+02    2.872207684041966E+03
                     3340    3.596212432500000E+02    2.872207684041966E+03
                     3350    3.606978182500000E+02    2.872207684041966E+03
                     3360    3.617871640000000E+02    2.872207684041966E+03
                     3370    3.628472650000000E+02    2.872207684041966E+03
                     3380    3.639098365000000E+02    2.872207684041966E+03
                     3390    3.649871865000000E+02    2.872207684041966E+03
                     3400    3.660751502500000E+02    2.872207684041966E+03
                     3410    3.671580687500000E+02    2.872207684041966E+03
                     3420    3.682737795000000E+02    2.872207684041966E+03
                     3430    3.693665062500000E+02    2.872207684041966E+03
                     3440    3.704775710000000E+02    2.872207684041966E+03
                     3450    3.716038705000000E+02    2.872207684041966E+03
                     3460    3.727165237500000E+02    2.872207684041966E+03
                     3470    3.738520917500000E+02    2.872207684041966E+03
                     3480    3.749535427500000E+02    2.872207684041966E+03
                     3490    3.760678290000000E+02    2.872207684041966E+03
                     3500    3.771624417500000E+02    2.872207684041966E+03
                     3510    3.782612675000000E+02    2.872207684041966E+03
                     3520    3.793614817500000E+02    2.872207684041966E+03
                     3530    3.804891967500000E+02    2.872207684041966E+03
                     3540    3.816035202500000E+02    2.872207684041966E+03
                     3550    3.827552010000000E+02    2.872207684041966E+03
                     3560    3.838801177500000E+02    2.872207684041966E+03
                     3570    3.849540770000000E+02    2.872207684041966E+03
                     3580    3.860350705000000E+02    2.872207684041966E+03
                     3590    3.871206517500000E+02    2.872207684041966E+03
                     3600    3.881986092499999E+02    2.872207684041966E+03
                     3610    3.892814375000000E+02    2.872207684041966E+03
                     3620    3.903780305000000E+02    2.872207684041966E+03
                     3630    3.914600625000000E+02    2.872207684041966E+03
                     3640    3.925297932500000E+02    2.872207684041966E+03
                     3650    3.935998522500000E+02    2.872207684041966E+03
                     3660    3.947467805000000E+02    2.872207684041966E+03
                     3670    3.958480157499999E+02    2.872207684041966E+03
                     3680    3.969505435000000E+02    2.872207684041966E+03
                     3690    3.980880957500000E+02    2.872207684041966E+03
                     3700    3.992613522500000E+02    2.872207684041966E+03
                     3710    4.003310442500000E+02    2.872207684041966E+03
                     3720    4.014009095000000E+02    2.872207684041966E+03
                     3730    4.025111492500000E+02    2.872207684041966E+03
                     3740    4.036076060000000E+02    2.872207684041966E+03
                     3750    4.046635127500000E+02    2.872207684041966E+03
                     3760    4.057460307500000E+02    2.872207684041966E+03
                     3770    4.068256742500000E+02    2.872207684041966E+03
                     3780    4.079885614999999E+02    2.872207684041966E+03
                     3790    4.091314020000000E+02    2.872207684041966E+03
                     3800    4.102651797500000E+02    2.858791205983130E+03
                     3810    4.113680187500000E+02    2.858791205983130E+03
                     3820    4.124599992500000E+02    2.858791205983130E+03
                     3830    4.136268020000000E+02    2.851434754579655E+03
                     3840    4.147320177500000E+02    2.851434754579655E+03
                     3850    4.157922592500000E+02    2.851434754579655E+03
                     3860    4.168792167500000E+02    2.851434754579655E+03
                     3870    4.179700260000000E+02    2.851434754579655E+03
                     3880    4.191027185000000E+02    2.851434754579655E+03
                     3890    4.201908022500000E+02    2.851434754579655E+03
                     3900    4.212994345000000E+02    2.851434754579655E+03
                     3910    4.223899645000000E+02    2.851434754579655E+03
                     3920    4.234417487500000E+02    2.851434754579655E+03
                     3930    4.244977437500000E+02    2.851434754579655E+03
                     3940    4.256068522500000E+02    2.851434754579655E+03
                     3950    4.266809287500000E+02    2.851434754579655E+03
                     3960    4.277716912499999E+02    2.851434754579655E+03
                     3970    4.288437245000000E+02    2.851434754579655E+03
                     3980    4.299202942500000E+02    2.851434754579655E+03
                     3990    4.309950402500000E+02    2.851434754579655E+03
                     4000    4.320700607500000E+02    2.851434754579655E+03
                     4010    4.331623260000000E+02    2.851434754579655E+03
                     4020    4.342646710000000E+02    2.851434754579655E+03
                     4030    4.353449582500000E+02    2.851434754579655E+03
                     4040    4.364136715000000E+02    2.837935275721746E+03
                     4050    4.374893235000000E+02    2.837935275721746E+03
                     4060    4.385595467500000E+02    2.837935275721746E+03
                     4070    4.396557940000000E+02    2.837935275721746E+03
                     4080    4.407606825000000E+02    2.837935275721746E+03
                     4090    4.418456157500000E+02    2.837935275721746E+03
                     4100    4.429197789999999E+02    2.837935275721746E+03
                     4110    4.440049145000000E+02    2.837935275721746E+03
                     4120    4.450932130000000E+02    2.828404574017019E+03
                     4130    4.462597500000000E+02    2.828404574017019E+03
                     4140    4.473388965000000E+02    2.828404574017019E+03
                     4150    4.484798747500000E+02    2.828404574017019E+03
                     4160    4.495702565000000E+02    2.828404574017019E+03
                     4170    4.506472847500000E+02    2.828404574017019E+03
                     4180    4.517106705000000E+02    2.828404574017019E+03
                     4190    4.528009709999999E+02    2.828404574017019E+03
                     4200    4.538697647499999E+02    2.828404574017019E+03
                     4210    4.549620120000000E+02    2.828404574017019E+03
                     4220    4.560831057500000E+02    2.828404574017019E+03
                     4230    4.571401242500000E+02    2.828404574017019E+03
                     4240    4.582242805000000E+02    2.823202321698036E+03
                     4250    4.592801452500000E+02    2.823202321698036E+03
                     4260    4.603306147500000E+02    2.823202321698036E+03
                     4270    4.614306997500000E+02    2.823202321698036E+03
                     4280    4.625251170000000E+02    2.823202321698036E+03
                     4290    4.636222455000000E+02    2.823202321698036E+03
                     4300    4.646746965000000E+02    2.823202321698036E+03
                     4310    4.657722977500000E+02    2.823202321698036E+03
                     4320    4.668489560000000E+02    2.823202321698036E+03
                     4330    4.679234767500000E+02    2.823202321698036E+03
                     4340    4.690092059999999E+02    2.823202321698036E+03
                     4350    4.700897335000000E+02    2.823202321698036E+03
                     4360    4.712062095000000E+02    2.823202321698036E+03
                     4370    4.722702422500000E+02    2.823202321698036E+03
                     4380    4.733485650000000E+02    2.823202321698036E+03
                     4390    4.744282880000000E+02    2.823202321698036E+03
                     4400    4.755008747500000E+02    2.818121594859196E+03
                     4410    4.765726855000000E+02    2.818121594859196E+03
                     4420    4.776597902500000E+02    2.818121594859196E+03
                     4430    4.787403287499999E+02    2.818121594859196E+03
                     4440    4.798168657500000E+02    2.818121594859196E+03
                     4450    4.808961017500000E+02    2.818121594859196E+03
                     4460    4.819936167499999E+02    2.818121594859196E+03
                     4470    4.830522962500000E+02    2.818121594859196E+03
                     4480    4.841134375000000E+02    2.818121594859196E+03
                     4490    4.852198475000000E+02    2.818121594859196E+03
                     4500    4.863090769999999E+02    2.818121594859196E+03
                     4510    4.874170895000000E+02    2.818121594859196E+03
                     4520    4.884972837500000E+02    2.818121594859196E+03
                     4530    4.895539975000000E+02    2.818121594859196E+03
                     4540    4.906589072500000E+02    2.818121594859196E+03
                     4550    4.917524177499999E+02    2.818121594859196E+03
                     4560    4.928180170000000E+02    2.818121594859196E+03
                     4570    4.939737922500000E+02    2.818121594859196E+03
                     4580    4.950406672500000E+02    2.818121594859196E+03
                     4590    4.961461612500000E+02    2.818121594859196E+03
                     4600    4.972107802500000E+02    2.818121594859196E+03
                     4610    4.983077157500000E+02    2.818121594859196E+03
                     4620    4.993735357500000E+02    2.818121594859196E+03
                     4630    5.004698059999999E+02    2.818121594859196E+03
                     4640    5.015900372500000E+02    2.815149740021080E+03
                     4650    5.026622152500000E+02    2.815149740021080E+03
                     4660    5.037602422500000E+02    2.815149740021080E+03
                     4670    5.048544410000000E+02    2.815149740021080E+03
                     4680    5.059506687500000E+02    2.815149740021080E+03
                     4690    5.070187777500000E+02    2.815149740021080E+03
                     4700    5.080956552500000E+02    2.815149740021080E+03
                     4710    5.091563660000000E+02    2.815149740021080E+03
                     4720    5.102885505000000E+02    2.815149740021080E+03
                     4730    5.113523807500000E+02    2.805810845937341E+03
                     4740    5.124563969999999E+02    2.805810845937341E+03
                     4750    5.135476237500000E+02    2.805810845937341E+03
                     4760    5.146171965000000E+02    2.805810845937341E+03
                     4770    5.157153105000000E+02    2.805810845937341E+03
                     4780    5.167817267500000E+02    2.805810845937341E+03
                     4790    5.178596550000000E+02    2.805810845937341E+03
                     4800    5.189301560000000E+02    2.805810845937341E+03
                     4810    5.200239084999999E+02    2.805810845937341E+03
                     4820    5.211447997499999E+02    2.805810845937341E+03
                     4830    5.222421304999999E+02    2.805810845937341E+03
                     4840    5.233212649999999E+02    2.805810845937341E+03
                     4850    5.244021084999999E+02    2.805810845937341E+03
                     4860    5.254922799999999E+02    2.805810845937341E+03
                     4870    5.265740797500000E+02    2.805810845937341E+03
                     4880    5.276436732500000E+02    2.805810845937341E+03
                     4890    5.287289105000000E+02    2.805810845937341E+03
                     4900    5.297997644999999E+02    2.805810845937341E+03
                     4910    5.309045472500000E+02    2.805810845937341E+03
                     4920    5.319890725000000E+02    2.805810845937341E+03
                     4930    5.331502009999999E+02    2.805810845937341E+03
                     4940    5.342494622500000E+02    2.805810845937341E+03
                     4950    5.353219697500000E+02    2.805810845937341E+03
                     4960    5.364372875000000E+02    2.805810845937341E+03
                     4970    5.375401065000000E+02    2.805810845937341E+03
                     4980    5.386352617499999E+02    2.805810845937341E+03
                     4990    5.396970942500000E+02    2.805810845937341E+03
                     5000    5.407743582500000E+02    2.805810845937341E+03
                     5010    5.418912750000000E+02    2.805810845937341E+03
                     5020    5.429406825000000E+02    2.793587933577338E+03
                     5030    5.439835622500000E+02    2.793587933577338E+03
                     5040    5.450157475000000E+02    2.793587933577338E+03
                     5050    5.461005987500000E+02    2.785037916475030E+03
                     5060    5.471918234999999E+02    2.785037916475030E+03
                     5070    5.482717660000000E+02    2.780937103769087E+03
                     5080    5.493887199999999E+02    2.780937103769087E+03
                     5090    5.504718412500000E+02    2.780937103769087E+03
                     5100    5.515346392499999E+02    2.780937103769087E+03
                     5110    5.526064437499999E+02    2.780937103769087E+03
                     5120    5.536958215000000E+02    2.780937103769087E+03
                     5130    5.548148295000000E+02    2.780937103769087E+03
                     5140    5.559231430000000E+02    2.780937103769087E+03
                     5150    5.570009172499999E+02    2.780937103769087E+03
                     5160    5.581038107500000E+02    2.780937103769087E+03
                     5170    5.591928439999999E+02    2.780937103769087E+03
                     5180    5.602276889999999E+02    2.780937103769087E+03
                     5190    5.613735075000000E+02    2.780937103769087E+03
                     5200    5.624696490000000E+02    2.780937103769087E+03
                     5210    5.635353812500000E+02    2.780937103769087E+03
                     5220    5.646226567499999E+02    2.780937103769087E+03
                     5230    5.657095212500000E+02    2.780937103769087E+03
                     5240    5.667905162500000E+02    2.780937103769087E+03
                     5250    5.678742625000000E+02    2.780937103769087E+03
                     5260    5.689521147500000E+02    2.780937103769087E+03
                     5270    5.700226547500000E+02    2.780937103769087E+03
                     5280    5.711160522499999E+02    2.780937103769087E+03
                     5290    5.722205680000000E+02    2.780937103769087E+03
                     5300    5.732865039999999E+02    2.780937103769087E+03
                     5310    5.743726664999999E+02    2.780937103769087E+03
                     5320    5.754334445000000E+02    2.780937103769087E+03
                     5330    5.764604837500000E+02    2.780937103769087E+03
                     5340    5.775636800000000E+02    2.780937103769087E+03
                     5350    5.786719402499999E+02    2.779048559949089E+03
                     5360    5.797863087500000E+02    2.779048559949089E+03
                     5370    5.808943702500000E+02    2.779048559949089E+03
                     5380    5.819867465000000E+02    2.779048559949089E+03
                     5390    5.833705705000000E+02    2.779048559949089E+03
                     5400    5.845198574999999E+02    2.777623395270102E+03
                     5410    5.856163597500000E+02    2.777623395270102E+03
                     5420    5.867191447499999E+02    2.777623395270102E+03
                     5430    5.877941499999999E+02    2.777623395270102E+03
                     5440    5.888795432500000E+02    2.777623395270102E+03
                     5450    5.899480689999999E+02    2.777623395270102E+03
                     5460    5.910782475000000E+02    2.777623395270102E+03
                     5470    5.921682569999999E+02    2.777623395270102E+03
                     5480    5.932593077499999E+02    2.777623395270102E+03
                     5490    5.943691355000000E+02    2.777623395270102E+03
                     5500    5.954261475000000E+02    2.777623395270102E+03
                     5510    5.964828319999999E+02    2.777623395270102E+03
                     5520    5.975422790000000E+02    2.777623395270102E+03
                     5530    5.986144970000000E+02    2.777623395270102E+03
                     5540    5.996922847500000E+02    2.777623395270102E+03
                     5550    6.007773112500000E+02    2.777623395270102E+03
                     5560    6.018960059999999E+02    2.777623395270102E+03
                     5570    6.029923600000000E+02    2.777623395270102E+03
                     5580    6.041073132499999E+02    2.777623395270102E+03
                     5590    6.051772784999999E+02    2.777623395270102E+03
                     5600    6.062223662499999E+02    2.777623395270102E+03
                     5610    6.072990562499999E+02    2.777623395270102E+03
                     5620    6.083890242499999E+02    2.777623395270102E+03
                     5630    6.094678830000000E+02    2.777623395270102E+03
                     5640    6.105383670000000E+02    2.777623395270102E+03
                     5650    6.116082875000000E+02    2.777623395270102E+03
                     5660    6.127048097500000E+02    2.777623395270102E+03
                     5670    6.137843610000000E+02    2.777623395270102E+03
                     5680    6.148657760000000E+02    2.777623395270102E+03
                     5690    6.159333357500000E+02    2.777623395270102E+03
                     5700    6.170119794999999E+02    2.777623395270102E+03
                     5710    6.180938645000000E+02    2.777623395270102E+03
                     5720    6.191813230000000E+02    2.777623395270102E+03
                     5730    6.202752009999999E+02    2.777623395270102E+03
                     5740    6.213449832499999E+02    2.777623395270102E+03
                     5750    6.224409782499999E+02    2.777623395270102E+03
                     5760    6.235377645000000E+02    2.777623395270102E+03
                     5770    6.246585347499999E+02    2.777623395270102E+03
                     5780    6.257720732499999E+02    2.777623395270102E+03
                     5790    6.268751667499999E+02    2.777623395270102E+03
                     5800    6.279536654999999E+02    2.777623395270102E+03
                     5810    6.290331842500000E+02    2.777623395270102E+03
                     5820    6.300953200000000E+02    2.777623395270102E+03
                     5830    6.311679407500000E+02    2.777623395270102E+03
                     5840    6.322352672500000E+02    2.777623395270102E+03
                     5850    6.333453642500000E+02    2.777623395270102E+03
                     5860    6.344156839999999E+02    2.777623395270102E+03
                     5870    6.354589680000000E+02    2.777623395270102E+03
                     5880    6.365254414999999E+02    2.777250798624935E+03
                     5890    6.375882977499999E+02    2.777250798624935E+03
                     5900    6.386937752499999E+02    2.770923165890350E+03
                     5910    6.397834122500000E+02    2.770923165890350E+03
                     5920    6.408519729999999E+02    2.770923165890350E+03
                     5930    6.419246684999999E+02    2.770923165890350E+03
                     5940    6.430039694999999E+02    2.770923165890350E+03
                     5950    6.440714427500000E+02    2.770923165890350E+03
                     5960    6.451317564999999E+02    2.770923165890350E+03
                     5970    6.462186097499999E+02    2.770923165890350E+03
                     5980    6.473129835000000E+02    2.770923165890350E+03
                     5990    6.484183015000000E+02    2.770923165890350E+03
                     6000    6.495291022499999E+02    2.770923165890350E+03
                     6010    6.506279727500000E+02    2.770923165890350E+03
                     6020    6.517014260000000E+02    2.770923165890350E+03
                     6030    6.528002537500000E+02    2.770923165890350E+03
                     6040    6.538693215000000E+02    2.770923165890350E+03
                     6050    6.549380555000000E+02    2.770923165890350E+03
                     6060    6.560219462499999E+02    2.770923165890350E+03
                     6070    6.571000587500000E+02    2.770923165890350E+03
                     6080    6.581930307499999E+02    2.770923165890350E+03
                     6090    6.592731407499999E+02    2.770923165890350E+03
                     6100    6.603677195000000E+02    2.770923165890350E+03
                     6110    6.614377287500000E+02    2.770923165890350E+03
                     6120    6.625172377499999E+02    2.770923165890350E+03
                     6130    6.635792400000000E+02    2.770923165890350E+03
                     6140    6.646430295000000E+02    2.770923165890350E+03
                     6150    6.657393947500000E+02    2.770923165890350E+03
                     6160    6.668155902500000E+02    2.770923165890350E+03
                     6170    6.678905422500000E+02    2.770923165890350E+03
                     6180    6.689825767500000E+02    2.770923165890350E+03
                     6190    6.700637929999999E+02    2.770923165890350E+03
                     6200    6.711641545000000E+02    2.770923165890350E+03
                     6210    6.722363252499999E+02    2.770923165890350E+03
                     6220    6.733006695000000E+02    2.770923165890350E+03
                     6230    6.743616857500000E+02    2.770923165890350E+03
                     6240    6.754434697500000E+02    2.770923165890350E+03
                     6250    6.765516362500000E+02    2.770923165890350E+03
                     6260    6.776426410000000E+02    2.770923165890350E+03
                     6270    6.787141295000000E+02    2.770923165890350E+03
                     6280    6.798028442500000E+02    2.770923165890350E+03
                     6290    6.809185235000000E+02    2.770923165890350E+03
                     6300    6.820687472500000E+02    2.770923165890350E+03
                     6310    6.831488009999999E+02    2.770923165890350E+03
                     6320    6.842854907500000E+02    2.770923165890350E+03
                     6330    6.853625180000000E+02    2.770923165890350E+03
                     6340    6.864546762499999E+02    2.770923165890350E+03
                     6350    6.875555722500000E+02    2.770923165890350E+03
                     6360    6.886445940000000E+02    2.770923165890350E+03
                     6370    6.897456854999999E+02    2.770923165890350E+03
                     6380    6.908321455000000E+02    2.770923165890350E+03
                     6390    6.919482510000000E+02    2.770923165890350E+03
                     6400    6.930484470000000E+02    2.770923165890350E+03
                     6410    6.941634250000000E+02    2.770923165890350E+03
                     6420    6.952349965000000E+02    2.770923165890350E+03
                     6430    6.963167700000000E+02    2.770923165890350E+03
                     6440    6.974142120000000E+02    2.770923165890350E+03
                     6450    6.984887957500000E+02    2.770923165890350E+03
                     6460    6.995983340000000E+02    2.770923165890350E+03
                     6470    7.006796222500000E+02    2.770923165890350E+03
                     6480    7.017847342499999E+02    2.770923165890350E+03
                     6490    7.028903779999999E+02    2.770923165890350E+03
                     6500    7.039629667500000E+02    2.770923165890350E+03
                     6510    7.050158417499999E+02    2.770923165890350E+03
                     6520    7.060504802500000E+02    2.770923165890350E+03
                     6530    7.071132657500000E+02    2.770923165890350E+03
                     6540    7.081907372500000E+02    2.770923165890350E+03
                     6550    7.092833274999999E+02    2.770923165890350E+03
                     6560    7.103748895000000E+02    2.770923165890350E+03
                     6570    7.114549742500000E+02    2.770923165890350E+03
                     6580    7.125340572499999E+02    2.770923165890350E+03
                     6590    7.136256512499999E+02    2.770923165890350E+03
                     6600    7.146959117499999E+02    2.770923165890350E+03
                     6610    7.158430837500000E+02    2.770923165890350E+03
                     6620    7.169023272500000E+02    2.770923165890350E+03
                     6630    7.179642715000000E+02    2.770923165890350E+03
                     6640    7.190980384999999E+02    2.770923165890350E+03
                     6650    7.202144740000000E+02    2.770923165890350E+03
                     6660    7.212811887500000E+02    2.770923165890350E+03
                     6670    7.223633960000000E+02    2.770923165890350E+03
                     6680    7.234915932499999E+02    2.770923165890350E+03
                     6690    7.245553760000000E+02    2.770923165890350E+03
                     6700    7.256242575000000E+02    2.770923165890350E+03
                     6710    7.266915825000000E+02    2.770923165890350E+03
                     6720    7.278037752499999E+02    2.770923165890350E+03
                     6730    7.289550827500000E+02    2.770923165890350E+03
                     6740    7.300107802499999E+02    2.770923165890350E+03
                     6750    7.311051347499999E+02    2.770923165890350E+03
                     6760    7.322095035000000E+02    2.770923165890350E+03
                     6770    7.333123987499999E+02    2.770923165890350E+03
                     6780    7.343895267500000E+02    2.770923165890350E+03
                     6790    7.354597457500000E+02    2.768767682282615E+03
                     6800    7.365084032500000E+02    2.768767682282615E+03
                     6810    7.376002327499999E+02    2.768767682282615E+03
                     6820    7.386929200000000E+02    2.768767682282615E+03
                     6830    7.398027487500000E+02    2.768767682282615E+03
                     6840    7.409009510000000E+02    2.768767682282615E+03
                     6850    7.419885284999999E+02    2.768767682282615E+03
                     6860    7.430809842500000E+02    2.768767682282615E+03
                     6870    7.441595562499999E+02    2.768767682282615E+03
                     6880    7.452556252500000E+02    2.768767682282615E+03
                     6890    7.463365342500000E+02    2.768767682282615E+03
                     6900    7.474351027499999E+02    2.768767682282615E+03
                     6910    7.485195735000000E+02    2.768767682282615E+03
                     6920    7.496249402500000E+02    2.768767682282615E+03
                     6930    7.506869982500000E+02    2.768767682282615E+03
                     6940    7.517385782499999E+02    2.768767682282615E+03
                     6950    7.527878375000000E+02    2.768767682282615E+03
                     6960    7.538743515000000E+02    2.768767682282615E+03
                     6970    7.549831772499999E+02    2.768767682282615E+03
                     6980    7.560828002500000E+02    2.768767682282615E+03
                     6990    7.571884950000000E+02    2.768767682282615E+03
                     7000    7.582623149999999E+02    2.768767682282615E+03
                     7010    7.593615070000000E+02    2.768767682282615E+03
                     7020    7.604277502499999E+02    2.768767682282615E+03
                     7030    7.614947940000000E+02    2.768767682282615E+03
                     7040    7.625672125000000E+02    2.768767682282615E+03
                     7050    7.636126395000000E+02    2.768767682282615E+03
                     7060    7.646644245000000E+02    2.768767682282615E+03
                     7070    7.657480897500000E+02    2.768767682282615E+03
                     7080    7.667995960000000E+02    2.768767682282615E+03
                     7090    7.678806162500000E+02    2.768767682282615E+03
                     7100    7.689880015000000E+02    2.768767682282615E+03
                     7110    7.701189345000000E+02    2.768767682282615E+03
                     7120    7.712277162500000E+02    2.768767682282615E+03
                     7130    7.723167430000000E+02    2.764689229754085E+03
                     7140    7.734086585000000E+02    2.764689229754085E+03
                     7150    7.745301777500000E+02    2.764051568738489E+03
                     7160    7.756208992500000E+02    2.764051568738489E+03
                     7170    7.767458435000000E+02    2.764051568738489E+03
                     7180    7.778628375000000E+02    2.764051568738489E+03
                     7190    7.789414975000000E+02    2.764051568738489E+03
                     7200    7.800363275000000E+02    2.764051568738489E+03
                     7210    7.811155182499999E+02    2.764051568738489E+03
                     7220    7.822033942500000E+02    2.764051568738489E+03
                     7230    7.832673622500000E+02    2.764051568738489E+03
                     7240    7.843780985000000E+02    2.764051568738489E+03
                     7250    7.854420672499999E+02    2.764051568738489E+03
                     7260    7.865209097500000E+02    2.764051568738489E+03
                     7270    7.876123279999999E+02    2.764051568738489E+03
                     7280    7.887283185000000E+02    2.764051568738489E+03
                     7290    7.897987734999999E+02    2.764051568738489E+03
                     7300    7.908988992500000E+02    2.764051568738489E+03
                     7310    7.919725720000000E+02    2.764051568738489E+03
                     7320    7.930979992499999E+02    2.764051568738489E+03
                     7330    7.941799142500000E+02    2.764051568738489E+03
                     7340    7.952523347499999E+02    2.764051568738489E+03
                     7350    7.963420627500000E+02    2.764051568738489E+03
                     7360    7.974258912499999E+02    2.764051568738489E+03
                     7370    7.985029957500000E+02    2.764051568738489E+03
                     7380    7.996445222500000E+02    2.764051568738489E+03
                     7390    8.007491755000000E+02    2.764051568738489E+03
                     7400    8.018369357500000E+02    2.764051568738489E+03
                     7410    8.029107590000000E+02    2.764051568738489E+03
                     7420    8.039737584999999E+02    2.764051568738489E+03
                     7430    8.050481980000000E+02    2.764051568738489E+03
                     7440    8.061197350000000E+02    2.764051568738489E+03
                     7450    8.071806432500000E+02    2.764051568738489E+03
                     7460    8.082227732499999E+02    2.764051568738489E+03
                     7470    8.093182932500000E+02    2.764051568738489E+03
                     7480    8.104055452499999E+02    2.764051568738489E+03
                     7490    8.115117550000000E+02    2.764051568738489E+03
                     7500    8.125814392500000E+02    2.764051568738489E+03
                     7510    8.136682912499999E+02    2.764051568738489E+03
                     7520    8.147494970000000E+02    2.743786768205584E+03
                     7530    8.158100800000000E+02    2.731100476704569E+03
                     7540    8.168757412499999E+02    2.731100476704569E+03
                     7550    8.179967590000000E+02    2.731100476704569E+03
                     7560    8.191509952499999E+02    2.731100476704569E+03
                     7570    8.202674294999999E+02    2.731100476704569E+03
                     7580    8.213320580000000E+02    2.731100476704569E+03
                     7590    8.224761177500000E+02    2.731100476704569E+03
                     7600    8.235704035000000E+02    2.731100476704569E+03
                     7610    8.246272025000000E+02    2.731100476704569E+03
                     7620    8.257105767500000E+02    2.731100476704569E+03
                     7630    8.268105182500000E+02    2.731100476704569E+03
                     7640    8.279016300000000E+02    2.731100476704569E+03
                     7650    8.290191075000000E+02    2.731100476704569E+03
                     7660    8.300953380000000E+02    2.731100476704569E+03
                     7670    8.311896122500000E+02    2.731100476704569E+03
                     7680    8.322827260000000E+02    2.731100476704569E+03
                     7690    8.333719635000000E+02    2.731100476704569E+03
                     7700    8.344602832500000E+02    2.731100476704569E+03
                     7710    8.355489692500000E+02    2.731100476704569E+03
                     7720    8.365935252500000E+02    2.731100476704569E+03
                     7730    8.376537410000000E+02    2.731100476704569E+03
                     7740    8.387396702500000E+02    2.731100476704569E+03
                     7750    8.398163112500000E+02    2.731100476704569E+03
                     7760    8.408811959999999E+02    2.731100476704569E+03
                     7770    8.419611717499999E+02    2.731100476704569E+03
                     7780    8.430944314999999E+02    2.731100476704569E+03
                     7790    8.441567957500000E+02    2.731100476704569E+03
                     7800    8.452455414999999E+02    2.731100476704569E+03
                     7810    8.463428615000000E+02    2.731100476704569E+03
                     7820    8.474199695000000E+02    2.731100476704569E+03
                     7830    8.484795990000000E+02    2.731100476704569E+03
                     7840    8.495783435000000E+02    2.731100476704569E+03
                     7850    8.506718700000000E+02    2.731100476704569E+03
                     7860    8.517932967500000E+02    2.731100476704569E+03
                     7870    8.528781782500000E+02    2.731100476704569E+03
                     7880    8.539454402499999E+02    2.731100476704569E+03
                     7890    8.550374580000000E+02    2.731100476704569E+03
                     7900    8.561069504999999E+02    2.731100476704569E+03
                     7910    8.571946240000000E+02    2.731100476704569E+03
                     7920    8.583100592500000E+02    2.731100476704569E+03
                     7930    8.594161692499999E+02    2.731100476704569E+03
                     7940    8.604932225000000E+02    2.731100476704569E+03
                     7950    8.615624092500000E+02    2.731100476704569E+03
                     7960    8.626700559999999E+02    2.731100476704569E+03
                     7970    8.638105200000000E+02    2.731100476704569E+03
                     7980    8.648975230000000E+02    2.731100476704569E+03
                     7990    8.660269089999999E+02    2.731100476704569E+03
                     8000    8.671047782500000E+02    2.731100476704569E+03
                     8010    8.681616299999999E+02    2.731100476704569E+03
                     8020    8.692460197500000E+02    2.731100476704569E+03
                     8030    8.703768100000000E+02    2.731100476704569E+03
                     8040    8.714617547500000E+02    2.731100476704569E+03
                     8050    8.725190607500000E+02    2.731100476704569E+03
                     8060    8.735729252500000E+02    2.731100476704569E+03
                     8070    8.746864177499999E+02    2.731100476704569E+03
                     8080    8.757465762500000E+02    2.731100476704569E+03
                     8090    8.768426330000000E+02    2.731100476704569E+03
                     8100    8.779715219999999E+02    2.731100476704569E+03
                     8110    8.790607000000000E+02    2.731100476704569E+03
                     8120    8.801686152500000E+02    2.731100476704569E+03
                     8130    8.812583282500000E+02    2.731100476704569E+03
                     8140    8.823105462500000E+02    2.731100476704569E+03
                     8150    8.833570915000000E+02    2.731100476704569E+03
                     8160    8.844137505000000E+02    2.731100476704569E+03
                     8170    8.854864027500000E+02    2.731100476704569E+03
                     8180    8.866086554999999E+02    2.731100476704569E+03
                     8190    8.877566555000000E+02    2.731100476704569E+03
                     8200    8.888782802500000E+02    2.731100476704569E+03
                     8210    8.899905697500000E+02    2.731100476704569E+03
                     8220    8.910442045000000E+02    2.731100476704569E+03
                     8230    8.921182602499999E+02    2.731100476704569E+03
                     8240    8.931864572500000E+02    2.731100476704569E+03
                     8250    8.942780332500000E+02    2.731100476704569E+03
                     8260    8.953493475000000E+02    2.731100476704569E+03
                     8270    8.964679635000000E+02    2.731100476704569E+03
                     8280    8.975566092500000E+02    2.731100476704569E+03
                     8290    8.986508125000000E+02    2.731100476704569E+03
                     8300    8.997271919999999E+02    2.731100476704569E+03
                     8310    9.008107032500000E+02    2.731100476704569E+03
                     8320    9.019191477500000E+02    2.731100476704569E+03
                     8330    9.029766740000000E+02    2.731100476704569E+03
                     8340    9.040763750000000E+02    2.731100476704569E+03
                     8350    9.051730924999999E+02    2.731100476704569E+03
                     8360    9.062076865000000E+02    2.731100476704569E+03
                     8370    9.073229557500000E+02    2.731100476704569E+03
                     8380    9.084132482499999E+02    2.731100476704569E+03
                     8390    9.095342845000000E+02    2.731100476704569E+03
                     8400    9.106322465000000E+02    2.731100476704569E+03
                     8410    9.117371987499999E+02    2.731100476704569E+03
                     8420    9.128152830000000E+02    2.731100476704569E+03
                     8430    9.139186157500000E+02    2.731100476704569E+03
                     8440    9.150240167500000E+02    2.731100476704569E+03
                     8450    9.161126852500000E+02    2.731100476704569E+03
                     8460    9.172125627500000E+02    2.731100476704569E+03
                     8470    9.182908727499999E+02    2.731100476704569E+03
                     8480    9.193575844999999E+02    2.731100476704569E+03
                     8490    9.204398957500000E+02    2.731100476704569E+03
                     8500    9.215225120000000E+02    2.731100476704569E+03
                     8510    9.225840287500000E+02    2.731100476704569E+03
                     8520    9.236632857500000E+02    2.731100476704569E+03
                     8530    9.247391417499999E+02    2.731100476704569E+03
                     8540    9.258007012500000E+02    2.731100476704569E+03
                     8550    9.268933802500000E+02    2.731100476704569E+03
                     8560    9.279559724999999E+02    2.731100476704569E+03
                     8570    9.290674690000000E+02    2.731100476704569E+03
                     8580    9.301124985000000E+02    2.731100476704569E+03
                     8590    9.311602920000000E+02    2.731100476704569E+03
                     8600    9.322272760000000E+02    2.731100476704569E+03
                     8610    9.333320917500000E+02    2.731100476704569E+03
                     8620    9.343904265000000E+02    2.731100476704569E+03
                     8630    9.354649270000000E+02    2.731100476704569E+03
                     8640    9.365522367500000E+02    2.731100476704569E+03
                     8650    9.376561622500000E+02    2.731100476704569E+03
                     8660    9.387408687500000E+02    2.731100476704569E+03
                     8670    9.398585515000000E+02    2.731100476704569E+03
                     8680    9.409292682500000E+02    2.731100476704569E+03
                     8690    9.420160977500000E+02    2.731100476704569E+03
                     8700    9.430691147499999E+02    2.731100476704569E+03
                     8710    9.441386765000000E+02    2.731100476704569E+03
                     8720    9.452278822500000E+02    2.731100476704569E+03
                     8730    9.463272712500000E+02    2.731100476704569E+03
                     8740    9.474540617499999E+02    2.731100476704569E+03
                     8750    9.485420562500000E+02    2.731100476704569E+03
                     8760    9.496157752500000E+02    2.731100476704569E+03
                     8770    9.506472387499999E+02    2.731100476704569E+03
                     8780    9.516955790000000E+02    2.731100476704569E+03
                     8790    9.527630152500000E+02    2.731100476704569E+03
                     8800    9.538339772500000E+02    2.731100476704569E+03
                     8810    9.549174194999999E+02    2.731100476704569E+03
                     8820    9.560109245000000E+02    2.731100476704569E+03
                     8830    9.570815787499999E+02    2.731100476704569E+03
                     8840    9.581359699999999E+02    2.731100476704569E+03
                     8850    9.592088920000000E+02    2.731100476704569E+03
                     8860    9.602943102500000E+02    2.731100476704569E+03
                     8870    9.613771935000000E+02    2.731100476704569E+03
                     8880    9.624532345000000E+02    2.731100476704569E+03
                     8890    9.635465379999999E+02    2.731100476704569E+03
                     8900    9.646554295000000E+02    2.731100476704569E+03
                     8910    9.657564867500000E+02    2.731100476704569E+03
                     8920    9.668317922499999E+02    2.731100476704569E+03
                     8930    9.679230282500000E+02    2.731100476704569E+03
                     8940    9.690018707500000E+02    2.731100476704569E+03
                     8950    9.700972130000000E+02    2.731100476704569E+03
                     8960    9.711599390000000E+02    2.731100476704569E+03
                     8970    9.722234480000000E+02    2.731100476704569E+03
                     8980    9.733132160000000E+02    2.731100476704569E+03
                     8990    9.743786820000000E+02    2.731100476704569E+03
                     9000    9.754761857500000E+02    2.726250306967025E+03
                     9010    9.765899267500000E+02    2.726250306967025E+03
                     9020    9.776749172500000E+02    2.726250306967025E+03
                     9030    9.787537432500000E+02    2.726250306967025E+03
                     9040    9.797976182500000E+02    2.726250306967025E+03
                     9050    9.808768339999999E+02    2.726250306967025E+03
                     9060    9.819730015000000E+02    2.726250306967025E+03
                     9070    9.830662280000000E+02    2.726250306967025E+03
                     9080    9.841568870000000E+02    2.726250306967025E+03
                     9090    9.852341682499999E+02    2.726250306967025E+03
                     9100    9.863117955000000E+02    2.726250306967025E+03
                     9110    9.873896117500000E+02    2.726250306967025E+03
                     9120    9.884896330000000E+02    2.726250306967025E+03
                     9130    9.895833547500000E+02    2.726250306967025E+03
                     9140    9.906715612500000E+02    2.726250306967025E+03
                     9150    9.917619217499999E+02    2.726250306967025E+03
                     9160    9.928568395000000E+02    2.726250306967025E+03
                     9170    9.939456084999999E+02    2.726250306967025E+03
                     9180    9.950906162499999E+02    2.726250306967025E+03
                     9190    9.961530452500000E+02    2.726250306967025E+03
                     9200    9.972987062500000E+02    2.726250306967025E+03
                     9210    9.984066574999999E+02    2.726250306967025E+03
                     9220    9.995219955000000E+02    2.726250306967025E+03
                     9230    1.000594817250000E+03    2.726250306967025E+03
                     9240    1.001684805500000E+03    2.726250306967025E+03
                     9250    1.002757598000000E+03    2.726250306967025E+03
                     9260    1.003818242000000E+03    2.726250306967025E+03
                     9270    1.004884880000000E+03    2.726250306967025E+03
                     9280    1.005976768500000E+03    2.726250306967025E+03
                     9290    1.007074549250000E+03    2.726250306967025E+03
                     9300    1.008181904250000E+03    2.726250306967025E+03
                     9310    1.009290535000000E+03    2.726250306967025E+03
                     9320    1.010367942250000E+03    2.726250306967025E+03
                     9330    1.011475781250000E+03    2.726250306967025E+03
                     9340    1.012571000000000E+03    2.726250306967025E+03
                     9350    1.013660720500000E+03    2.726250306967025E+03
                     9360    1.014797502500000E+03    2.726250306967025E+03
                     9370    1.015873478500000E+03    2.726250306967025E+03
                     9380    1.016956925750000E+03    2.726250306967025E+03
                     9390    1.018064599250000E+03    2.726250306967025E+03
                     9400    1.019140750250000E+03    2.726250306967025E+03
                     9410    1.020229190500000E+03    2.726250306967025E+03
                     9420    1.021341699250000E+03    2.726250306967025E+03
                     9430    1.022429663250000E+03    2.726250306967025E+03
                     9440    1.023527069250000E+03    2.726250306967025E+03
                     9450    1.024647126250000E+03    2.726250306967025E+03
                     9460    1.025717848500000E+03    2.726250306967025E+03
                     9470    1.026761584500000E+03    2.726250306967025E+03
                     9480    1.027794963500000E+03    2.726250306967025E+03
                     9490    1.028866226000000E+03    2.726250306967025E+03
                     9500    1.029909246500000E+03    2.726250306967025E+03
                     9510    1.031035619750000E+03    2.726250306967025E+03
                     9520    1.032086393750000E+03    2.726250306967025E+03
                     9530    1.033152363500000E+03    2.726250306967025E+03
                     9540    1.034245927500000E+03    2.726250306967025E+03
                     9550    1.035322493500000E+03    2.726250306967025E+03
                     9560    1.036405326250000E+03    2.726250306967025E+03
                     9570    1.037506619250000E+03    2.726250306967025E+03
                     9580    1.038578712000000E+03    2.726250306967025E+03
                     9590    1.039644172500000E+03    2.726250306967025E+03
                     9600    1.040734302500000E+03    2.726250306967025E+03
                     9610    1.041835002250000E+03    2.726250306967025E+03
                     9620    1.042914266250000E+03    2.726250306967025E+03
                     9630    1.044003680250000E+03    2.726250306967025E+03
                     9640    1.045079642750000E+03    2.726250306967025E+03
                     9650    1.046175950250000E+03    2.726250306967025E+03
                     9660    1.047247829250000E+03    2.726250306967025E+03
                     9670    1.048287954750000E+03    2.726250306967025E+03
                     9680    1.049415575000000E+03    2.726250306967025E+03
                     9690    1.050505480750000E+03    2.726250306967025E+03
                     9700    1.051595554500000E+03    2.726250306967025E+03
                     9710    1.052665810750000E+03    2.726250306967025E+03
                     9720    1.053727252000000E+03    2.726250306967025E+03
                     9730    1.054805257250000E+03    2.726250306967025E+03
                     9740    1.055912049250000E+03    2.726250306967025E+03
                     9750    1.057020560250000E+03    2.726250306967025E+03
                     9760    1.058109528250000E+03    2.726250306967025E+03
                     9770    1.059183338500000E+03    2.726250306967025E+03
                     9780    1.060275582750000E+03    2.726250306967025E+03
                     9790    1.061362871500000E+03    2.726250306967025E+03
                     9800    1.062468263500000E+03    2.726250306967025E+03
                     9810    1.063547642750000E+03    2.726250306967025E+03
                     9820    1.064717902750000E+03    2.726250306967025E+03
                     9830    1.065844274250000E+03    2.726250306967025E+03
                     9840    1.067026761250000E+03    2.726250306967025E+03
                     9850    1.068125408750000E+03    2.726250306967025E+03
                     9860    1.069192630750000E+03    2.726250306967025E+03
                     9870    1.070280808250000E+03    2.726250306967025E+03
                     9880    1.071377234500000E+03    2.726250306967025E+03
                     9890    1.072471228000000E+03    2.726250306967025E+03
                     9900    1.073593289250000E+03    2.726250306967025E+03
                     9910    1.074692253750000E+03    2.726250306967025E+03
                     9920    1.075759402500000E+03    2.726250306967025E+03
                     9930    1.076855103750000E+03    2.726250306967025E+03
                     9940    1.077974587750000E+03    2.726250306967025E+03
                     9950    1.079047537000000E+03    2.726250306967025E+03
                     9960    1.080146447000000E+03    2.726250306967025E+03
                     9970    1.081235066750000E+03    2.726250306967025E+03
                     9980    1.082295716500000E+03    2.726250306967025E+03
                     9990    1.083352413750000E+03    2.726250306967025E+03
                    10000    1.084399323750000E+03    2.726250306967025E+03
                    10010    1.085488072000000E+03    2.726250306967025E+03
                    10020    1.086577236250000E+03    2.717716645685167E+03
                    10030    1.087666548250000E+03    2.717716645685167E+03
                    10040    1.088758047750000E+03    2.717716645685167E+03
                    10050    1.089812911250000E+03    2.717716645685167E+03
                    10060    1.090886008250000E+03    2.717716645685167E+03
                    10070    1.091955198500000E+03    2.717716645685167E+03
                    10080    1.093017043750000E+03    2.717716645685167E+03
                    10090    1.094095425750000E+03    2.717716645685167E+03
                    10100    1.095174857500000E+03    2.717716645685167E+03
                    10110    1.096271859750000E+03    2.717716645685167E+03
                    10120    1.097397186750000E+03    2.717716645685167E+03
                    10130    1.098519064750000E+03    2.717716645685167E+03
                    10140    1.099646541000000E+03    2.717716645685167E+03
                    10150    1.100748052750000E+03    2.717716645685167E+03
                    10160    1.101871966750000E+03    2.717716645685167E+03
                    10170    1.102972639250000E+03    2.717716645685167E+03
                    10180    1.104078451000000E+03    2.717716645685167E+03
                    10190    1.105180735250000E+03    2.717716645685167E+03
                    10200    1.106279143500000E+03    2.717716645685167E+03
                    10210    1.107358220750000E+03    2.717716645685167E+03
                    10220    1.108437836250000E+03    2.717716645685167E+03
                    10230    1.109524280500000E+03    2.717716645685167E+03
                    10240    1.110632698250000E+03    2.717716645685167E+03
                    10250    1.111715704000000E+03    2.717716645685167E+03
                    10260    1.112781248000000E+03    2.717716645685167E+03
                    10270    1.113893143000000E+03    2.717716645685167E+03
                    10280    1.114964417000000E+03    2.717716645685167E+03
                    10290    1.116071716250000E+03    2.717716645685167E+03
                    10300    1.117142756500000E+03    2.717716645685167E+03
                    10310    1.118226363000000E+03    2.717716645685167E+03
                    10320    1.119304364500000E+03    2.717716645685167E+03
                    10330    1.120385711000000E+03    2.717716645685167E+03
                    10340    1.121466567250000E+03    2.717716645685167E+03
                    10350    1.122533538500000E+03    2.717716645685167E+03
                    10360    1.123619538750000E+03    2.717716645685167E+03
                    10370    1.124716225750000E+03    2.717716645685167E+03
                    10380    1.125776158000000E+03    2.717716645685167E+03
                    10390    1.126869357500000E+03    2.717716645685167E+03
                    10400    1.127964483500000E+03    2.717716645685167E+03
                    10410    1.129039642750000E+03    2.717716645685167E+03
                    10420    1.130180699000000E+03    2.717716645685167E+03
                    10430    1.131302749500000E+03    2.717716645685167E+03
                    10440    1.132382395250000E+03    2.717716645685167E+03
                    10450    1.133417732250000E+03    2.717716645685167E+03
                    10460    1.134520831250000E+03    2.717716645685167E+03
                    10470    1.135609924250000E+03    2.717716645685167E+03
                    10480    1.136714986500000E+03    2.717716645685167E+03
                    10490    1.137813183750000E+03    2.717716645685167E+03
                    10500    1.138879322750000E+03    2.717716645685167E+03
                    10510    1.139971002250000E+03    2.717716645685167E+03
                    10520    1.141047781500000E+03    2.717716645685167E+03
                    10530    1.142121202250000E+03    2.717716645685167E+03
                    10540    1.143213785000000E+03    2.717716645685167E+03
                    10550    1.144382435500000E+03    2.717716645685167E+03
                    10560    1.145457218500000E+03    2.717716645685167E+03
                    10570    1.146575935500000E+03    2.717716645685167E+03
                    10580    1.147653741000000E+03    2.717716645685167E+03
                    10590    1.148750417000000E+03    2.717716645685167E+03
                    10600    1.149851678500000E+03    2.717716645685167E+03
                    10610    1.150928647500000E+03    2.717716645685167E+03
                    10620    1.152022712500000E+03    2.717716645685167E+03
                    10630    1.153113720250000E+03    2.717716645685167E+03
                    10640    1.154201821500000E+03    2.717716645685167E+03
                    10650    1.155252086000000E+03    2.717716645685167E+03
                    10660    1.156336688000000E+03    2.717716645685167E+03
                    10670    1.157430220750000E+03    2.717716645685167E+03
                    10680    1.158516365250000E+03    2.717716645685167E+03
                    10690    1.159611668750000E+03    2.717716645685167E+03
                    10700    1.160666648000000E+03    2.717716645685167E+03
                    10710    1.161752599000000E+03    2.717716645685167E+03
                    10720    1.162854485500000E+03    2.717716645685167E+03
                    10730    1.163975485000000E+03    2.717716645685167E+03
                    10740    1.165043500250000E+03    2.717716645685167E+03
                    10750    1.166155125000000E+03    2.717716645685167E+03
                    10760    1.167261648250000E+03    2.717716645685167E+03
                    10770    1.168358526500000E+03    2.717716645685167E+03
                    10780    1.169438858000000E+03    2.717716645685167E+03
                    10790    1.170522704500000E+03    2.717716645685167E+03
                    10800    1.171642452250000E+03    2.717716645685167E+03
                    10810    1.172741284750000E+03    2.717716645685167E+03
                    10820    1.173824834000000E+03    2.717716645685167E+03
                    10830    1.174920772250000E+03    2.717716645685167E+03
                    10840    1.176003651250000E+03    2.717716645685167E+03
                    10850    1.177101882500000E+03    2.717716645685167E+03
                    10860    1.178176513500000E+03    2.717716645685167E+03
                    10870    1.179289106250000E+03    2.717716645685167E+03
                    10880    1.180393774250000E+03    2.717716645685167E+03
                    10890    1.181469858750000E+03    2.717716645685167E+03
                    10900    1.182565271000000E+03    2.717716645685167E+03
                    10910    1.183648652500000E+03    2.717716645685167E+03
                    10920    1.184733817750000E+03    2.717716645685167E+03
                    10930    1.185834540250000E+03    2.717716645685167E+03
                    10940    1.186929253500000E+03    2.717716645685167E+03
                    10950    1.188019972000000E+03    2.717716645685167E+03
