#                  100000                    lines
#       Iterationsschritt                     Zeit                <Fitness>
                        1    2.572237500000000E-01    3.310864520553256E+04
                       10    1.064603750000000E+00    2.471600578347203E+04
                       20    1.989309750000000E+00    5.713661320379643E+03
                       30    2.888397750000000E+00    4.775106043577405E+03
                       40    3.871508250000000E+00    4.270352167423061E+03
                       50    4.909332750000000E+00    4.099972029965251E+03
                       60    5.891501000000000E+00    3.975286692369503E+03
                       70    6.881086500000000E+00    3.834359451908194E+03
                       80    7.884824750000000E+00    3.795859922667001E+03
                       90    8.910237000000000E+00    3.762926973268913E+03
                      100    9.857958250000001E+00    3.708088934234205E+03
                      110    1.088464275000000E+01    3.661690250582917E+03
                      120    1.194242100000000E+01    3.636067115572492E+03
                      130    1.295024875000000E+01    3.578132475135979E+03
                      140    1.392688350000000E+01    3.551403734706703E+03
                      150    1.494816475000000E+01    3.476256608270443E+03
                      160    1.598995800000000E+01    3.482879251345015E+03
                      170    1.704012425000000E+01    3.436154961598792E+03
                      180    1.804627400000000E+01    3.378543306619963E+03
                      190    1.908941925000000E+01    3.380674666574159E+03
                      200    2.011300175000000E+01    3.341585739386662E+03
                      210    2.116356000000000E+01    3.310488999557378E+03
                      220    2.221352800000000E+01    3.324648404114070E+03
                      230    2.330941300000000E+01    3.309023480977583E+03
                      240    2.435488675000000E+01    3.325158850694031E+03
                      250    2.538146325000000E+01    3.291566873185063E+03
                      260    2.646065425000000E+01    3.277536109336641E+03
                      270    2.749484225000000E+01    3.287704862565353E+03
                      280    2.853562650000000E+01    3.266888687509889E+03
                      290    2.959153675000000E+01    3.266045453144930E+03
                      300    3.069430325000000E+01    3.256483219228960E+03
                      310    3.178302575000000E+01    3.225047187829186E+03
                      320    3.286143425000000E+01    3.246890235641264E+03
                      330    3.391254550000000E+01    3.252898303370553E+03
                      340    3.499928275000000E+01    3.241466747234803E+03
                      350    3.606081600000000E+01    3.239050832769299E+03
                      360    3.714306575000000E+01    3.227144433436314E+03
                      370    3.820872400000000E+01    3.224933136347685E+03
                      380    3.928349125000000E+01    3.213357657098670E+03
                      390    4.035622225000000E+01    3.246526652062154E+03
                      400    4.145842475000000E+01    3.220266893978963E+03
                      410    4.252666100000000E+01    3.238432634978979E+03
                      420    4.362929625000000E+01    3.227944764073408E+03
                      430    4.467997925000000E+01    3.231039950811738E+03
                      440    4.578575525000000E+01    3.234101620602606E+03
                      450    4.683341500000000E+01    3.209857575815020E+03
                      460    4.793062800000000E+01    3.212829564037695E+03
                      470    4.901320575000000E+01    3.227153831900299E+03
                      480    5.005176725000000E+01    3.212711639485636E+03
                      490    5.110548575000000E+01    3.206161014998695E+03
                      500    5.220970400000000E+01    3.230180449793440E+03
                      510    5.328626475000000E+01    3.211384600187060E+03
                      520    5.437718800000000E+01    3.207660996076511E+03
                      530    5.544917900000000E+01    3.188986362058114E+03
                      540    5.655177825000000E+01    3.205734705197844E+03
                      550    5.765202975000000E+01    3.197411358941087E+03
                      560    5.874291125000000E+01    3.230521718894722E+03
                      570    5.983728600000000E+01    3.216039875658957E+03
                      580    6.091396100000000E+01    3.211701592369402E+03
                      590    6.198914500000000E+01    3.195148815556087E+03
                      600    6.308459650000000E+01    3.204475947046491E+03
                      610    6.415421000000001E+01    3.207507955268566E+03
                      620    6.523794675000001E+01    3.203066416312948E+03
                      630    6.630605174999999E+01    3.197403270559723E+03
                      640    6.737184300000000E+01    3.188976073224292E+03
                      650    6.846304775000000E+01    3.208444790013164E+03
                      660    6.951174525000000E+01    3.193792588838958E+03
                      670    7.059594174999999E+01    3.175076207767157E+03
                      680    7.168076650000000E+01    3.192785472362722E+03
                      690    7.272944450000000E+01    3.201149821091347E+03
                      700    7.381499549999999E+01    3.199019885614968E+03
                      710    7.486851600000000E+01    3.194386305076286E+03
                      720    7.592353475000000E+01    3.208777931282575E+03
                      730    7.697492950000000E+01    3.211457431193787E+03
                      740    7.806739400000001E+01    3.191807953512236E+03
                      750    7.919896250000001E+01    3.201096345577607E+03
                      760    8.026766525000001E+01    3.187744231031463E+03
                      770    8.134797250000000E+01    3.192129998178680E+03
                      780    8.239166575000000E+01    3.172639128178200E+03
                      790    8.348853225000001E+01    3.187333655456961E+03
                      800    8.456508725000000E+01    3.200403856083992E+03
                      810    8.565358325000000E+01    3.189975493344232E+03
                      820    8.669898100000000E+01    3.173037161810998E+03
                      830    8.775399675000000E+01    3.172573986761685E+03
                      840    8.882381200000000E+01    3.192716811368507E+03
                      850    8.988217000000000E+01    3.207806903300537E+03
                      860    9.095908750000000E+01    3.187087597930522E+03
                      870    9.198631899999999E+01    3.187086219326166E+03
                      880    9.304585600000000E+01    3.160312892896992E+03
                      890    9.412720175000000E+01    3.169342986270047E+03
                      900    9.521686775000001E+01    3.161795628511130E+03
                      910    9.625159250000000E+01    3.188267141487841E+03
                      920    9.731737175000001E+01    3.167596637218025E+03
                      930    9.839932275000000E+01    3.145999358900868E+03
                      940    9.943637074999999E+01    3.139729861448159E+03
                      950    1.005067722500000E+02    3.162185053664349E+03
                      960    1.015823675000000E+02    3.154022374227262E+03
                      970    1.026617550000000E+02    3.153861073601753E+03
                      980    1.037300945000000E+02    3.163110025711977E+03
                      990    1.048283665000000E+02    3.150502336708429E+03
                     1000    1.059368405000000E+02    3.165710701640785E+03
                     1010    1.069930767500000E+02    3.147553794094725E+03
                     1020    1.080966272500000E+02    3.149961004632334E+03
                     1030    1.091987865000000E+02    3.126781831242065E+03
                     1040    1.103099480000000E+02    3.136929708557019E+03
                     1050    1.113715082500000E+02    3.176870884593588E+03
                     1060    1.124603930000000E+02    3.183188437769507E+03
                     1070    1.135291072500000E+02    3.148520159509789E+03
                     1080    1.146310472500000E+02    3.152327859324638E+03
                     1090    1.157355137500000E+02    3.146249288114436E+03
                     1100    1.168213585000000E+02    3.167378437802245E+03
                     1110    1.179099460000000E+02    3.160030894522002E+03
                     1120    1.190019462500000E+02    3.163521695451405E+03
                     1130    1.200555372500000E+02    3.170443306777164E+03
                     1140    1.211587005000000E+02    3.149039555653725E+03
                     1150    1.222560317500000E+02    3.140120251837122E+03
                     1160    1.233599832500000E+02    3.148431144760455E+03
                     1170    1.244365890000000E+02    3.158238811019266E+03
                     1180    1.254975222500000E+02    3.142705886936367E+03
                     1190    1.266048447500000E+02    3.142929017525977E+03
                     1200    1.276932690000000E+02    3.140783465053260E+03
                     1210    1.287923330000000E+02    3.162885573735301E+03
                     1220    1.298613760000000E+02    3.170235488253121E+03
                     1230    1.309534155000000E+02    3.144096860134503E+03
                     1240    1.320441875000000E+02    3.141544025965691E+03
                     1250    1.331159365000000E+02    3.139297638325641E+03
                     1260    1.342293392500000E+02    3.155289746488008E+03
                     1270    1.353591192500000E+02    3.144671811329826E+03
                     1280    1.364965647500000E+02    3.169038787910633E+03
                     1290    1.376031362500000E+02    3.161967144792648E+03
                     1300    1.387099500000000E+02    3.146210973967076E+03
                     1310    1.397802640000000E+02    3.146916423517682E+03
                     1320    1.408743950000000E+02    3.156332691239490E+03
                     1330    1.419614150000000E+02    3.156907137184981E+03
                     1340    1.431559472500000E+02    3.137126367087522E+03
                     1350    1.442789227500000E+02    3.121220627002991E+03
                     1360    1.453691187500000E+02    3.136306119238733E+03
                     1370    1.464499170000000E+02    3.130712250490783E+03
                     1380    1.475493500000000E+02    3.154199198461609E+03
                     1390    1.486452785000000E+02    3.134459327785440E+03
                     1400    1.497323650000000E+02    3.124180769416575E+03
                     1410    1.508313185000000E+02    3.141944858559424E+03
                     1420    1.519121542500000E+02    3.144151325215737E+03
                     1430    1.529945865000000E+02    3.150600129679439E+03
                     1440    1.540652107500000E+02    3.134875334519662E+03
                     1450    1.551433077500000E+02    3.128851826956154E+03
                     1460    1.561981217500000E+02    3.149802604190898E+03
                     1470    1.572821095000000E+02    3.140829145799768E+03
                     1480    1.583601165000000E+02    3.135444947924685E+03
                     1490    1.594718542500000E+02    3.157843130150260E+03
                     1500    1.605460655000000E+02    3.147617476091159E+03
                     1510    1.616111830000000E+02    3.157305889896566E+03
                     1520    1.627004222500000E+02    3.130466978555907E+03
                     1530    1.637990302500000E+02    3.149015115606398E+03
                     1540    1.649156500000000E+02    3.124870522263738E+03
                     1550    1.659988600000000E+02    3.129488145632627E+03
                     1560    1.670886647500000E+02    3.130983527200889E+03
                     1570    1.681378177500000E+02    3.123378907151204E+03
                     1580    1.692061375000000E+02    3.113099533228117E+03
                     1590    1.702467955000000E+02    3.127806720971043E+03
                     1600    1.712804090000000E+02    3.144906620934762E+03
                     1610    1.723477152500000E+02    3.101063912579360E+03
                     1620    1.734609767500000E+02    3.123147339476241E+03
                     1630    1.745166885000000E+02    3.131254397959888E+03
                     1640    1.755889935000000E+02    3.117433540128538E+03
                     1650    1.766617357500000E+02    3.129540366359395E+03
                     1660    1.777482257500000E+02    3.109290834062813E+03
                     1670    1.788627025000000E+02    3.132491223470015E+03
                     1680    1.799368520000000E+02    3.130471767933681E+03
                     1690    1.809956340000000E+02    3.117218035719044E+03
                     1700    1.820550757500000E+02    3.141619498420089E+03
                     1710    1.831119607500000E+02    3.149034838924787E+03
                     1720    1.841983537500000E+02    3.113520674528803E+03
                     1730    1.852745475000000E+02    3.118863238849203E+03
                     1740    1.863571492500000E+02    3.137194094506164E+03
                     1750    1.874275647500000E+02    3.129489717789306E+03
                     1760    1.884976642500000E+02    3.108150715660814E+03
                     1770    1.895651632500000E+02    3.145848204511577E+03
                     1780    1.906533702500000E+02    3.126848792582149E+03
                     1790    1.917282002500000E+02    3.121609646773738E+03
                     1800    1.928297137500000E+02    3.105497966591015E+03
                     1810    1.939459927500000E+02    3.123932249353251E+03
                     1820    1.949989777500000E+02    3.131791061253325E+03
                     1830    1.960778670000000E+02    3.126484156797345E+03
                     1840    1.971955125000000E+02    3.115366609584546E+03
                     1850    1.982703332500000E+02    3.121532357673369E+03
                     1860    1.993267185000000E+02    3.105349985324520E+03
                     1870    2.004194342500000E+02    3.098034623568404E+03
                     1880    2.015237265000000E+02    3.139040615529163E+03
                     1890    2.025656160000000E+02    3.122919861798252E+03
                     1900    2.036770172500000E+02    3.150532378088275E+03
                     1910    2.047418850000000E+02    3.120415464010916E+03
                     1920    2.058477992500000E+02    3.126929603915699E+03
                     1930    2.069151892500000E+02    3.102355027983181E+03
                     1940    2.079849927500000E+02    3.099627925697429E+03
                     1950    2.091196272500000E+02    3.106748731123782E+03
                     1960    2.102244787500000E+02    3.112612990363413E+03
                     1970    2.113348260000000E+02    3.111864439981489E+03
                     1980    2.124169305000000E+02    3.095833797868926E+03
                     1990    2.135156982500000E+02    3.120029651126118E+03
                     2000    2.145625047500000E+02    3.126398791933839E+03
                     2010    2.156678312500000E+02    3.112763459909321E+03
                     2020    2.167698447500000E+02    3.117766402531284E+03
                     2030    2.178509880000000E+02    3.130064492683403E+03
                     2040    2.189356577500000E+02    3.114126366170612E+03
                     2050    2.199708377500000E+02    3.159112562713369E+03
                     2060    2.210367792500000E+02    3.134043208909763E+03
                     2070    2.221577022500000E+02    3.113343337121922E+03
                     2080    2.232087485000000E+02    3.122369597522359E+03
                     2090    2.242848757500000E+02    3.111389476439779E+03
                     2100    2.253342950000000E+02    3.112866027349739E+03
                     2110    2.263840387500000E+02    3.102139204551809E+03
                     2120    2.275005525000000E+02    3.103286331118318E+03
                     2130    2.286146327500000E+02    3.124928099133622E+03
                     2140    2.297158972500000E+02    3.100516435927528E+03
                     2150    2.307937260000000E+02    3.123565084355544E+03
                     2160    2.318525657500000E+02    3.109618222821133E+03
                     2170    2.329462762500000E+02    3.093022209911973E+03
                     2180    2.340038082500000E+02    3.117383819135388E+03
                     2190    2.351040722500000E+02    3.105806549923068E+03
                     2200    2.361696110000000E+02    3.124731973332270E+03
                     2210    2.372681240000000E+02    3.126440743928552E+03
                     2220    2.383187337500000E+02    3.122685809127768E+03
                     2230    2.393958382500000E+02    3.090983148083005E+03
                     2240    2.404602840000000E+02    3.121023880895721E+03
                     2250    2.415548152500000E+02    3.096676684271923E+03
                     2260    2.426389320000000E+02    3.113253406089361E+03
                     2270    2.437868132500000E+02    3.096798562006914E+03
                     2280    2.448518197500000E+02    3.098599683036199E+03
                     2290    2.459182142500000E+02    3.101417756691163E+03
                     2300    2.470213930000000E+02    3.093083092622277E+03
                     2310    2.480903485000000E+02    3.086389135759418E+03
                     2320    2.491476657500000E+02    3.119199690232775E+03
                     2330    2.502176455000000E+02    3.096532169934801E+03
                     2340    2.512817290000000E+02    3.117053147686866E+03
                     2350    2.523761855000000E+02    3.083329650473741E+03
                     2360    2.534443022500000E+02    3.112793995913783E+03
                     2370    2.545124447500000E+02    3.103505644342060E+03
                     2380    2.556036300000000E+02    3.111172128274161E+03
                     2390    2.567070045000000E+02    3.109702908188216E+03
                     2400    2.577442730000000E+02    3.090410358909850E+03
                     2410    2.588050234999999E+02    3.092082542101230E+03
                     2420    2.599118955000000E+02    3.110838826407706E+03
                     2430    2.609644787500000E+02    3.119424109744438E+03
                     2440    2.620098170000000E+02    3.115233645640710E+03
                     2450    2.630578597500000E+02    3.096730688746532E+03
                     2460    2.641185502500000E+02    3.108180067881003E+03
                     2470    2.652160237500000E+02    3.109163949742830E+03
                     2480    2.662949785000000E+02    3.114430681363704E+03
                     2490    2.673849465000000E+02    3.122121387496156E+03
                     2500    2.685099445000000E+02    3.105907905704799E+03
                     2510    2.696175945000000E+02    3.112535062233289E+03
                     2520    2.706951567500000E+02    3.113082777853856E+03
                     2530    2.717363252500000E+02    3.083814257325675E+03
                     2540    2.728021452500000E+02    3.090810164465059E+03
                     2550    2.739054882500000E+02    3.060396739816313E+03
                     2560    2.749803020000000E+02    3.063029476323020E+03
                     2570    2.760885842500000E+02    3.065650108894918E+03
                     2580    2.771697212500000E+02    3.070860824944931E+03
                     2590    2.782534659999999E+02    3.039919749223545E+03
                     2600    2.793763467500000E+02    3.045786580670273E+03
                     2610    2.804671815000000E+02    3.067338158168411E+03
                     2620    2.815280957500000E+02    3.057450991731343E+03
                     2630    2.825972047499999E+02    3.050680372156138E+03
                     2640    2.836584977500000E+02    3.067726184709847E+03
                     2650    2.847604700000000E+02    3.051315508638704E+03
                     2660    2.858673920000000E+02    3.063638505661333E+03
                     2670    2.869507557500000E+02    3.051485697397065E+03
                     2680    2.880233542500000E+02    3.063786108121958E+03
                     2690    2.890958845000000E+02    3.070952278101517E+03
                     2700    2.901848199999999E+02    3.071716264555863E+03
                     2710    2.912585480000000E+02    3.078046192731784E+03
                     2720    2.923240885000000E+02    3.047109348667841E+03
                     2730    2.934266197500000E+02    3.073441014454404E+03
                     2740    2.945657590000000E+02    3.042787218226465E+03
                     2750    2.956374975000000E+02    3.057995363959330E+03
                     2760    2.967417472499999E+02    3.048571964261861E+03
                     2770    2.978061645000000E+02    3.077391600301289E+03
                     2780    2.988743295000000E+02    3.074878699826083E+03
                     2790    2.999497867500000E+02    3.061824742464985E+03
                     2800    3.010404655000000E+02    3.056328219276611E+03
                     2810    3.020994460000000E+02    3.058070038443122E+03
                     2820    3.031824487500000E+02    3.066964905071656E+03
                     2830    3.042832795000000E+02    3.052933639573269E+03
                     2840    3.053771555000000E+02    3.060920863176601E+03
                     2850    3.065071502500000E+02    3.069933814620856E+03
                     2860    3.075663665000000E+02    3.062119552389499E+03
                     2870    3.086380640000000E+02    3.077657949343973E+03
                     2880    3.097077495000000E+02    3.059341039832381E+03
                     2890    3.108134214999999E+02    3.054333465130689E+03
                     2900    3.118955099999999E+02    3.077534432023493E+03
                     2910    3.129793747500000E+02    3.055304682077281E+03
                     2920    3.140362689999999E+02    3.045427565240135E+03
                     2930    3.151209497500000E+02    3.069746695034516E+03
                     2940    3.161694777500000E+02    3.073648847104309E+03
                     2950    3.173322472500000E+02    3.047826446759408E+03
                     2960    3.184239894999999E+02    3.065080341811195E+03
                     2970    3.194834882500000E+02    3.038911883933486E+03
                     2980    3.205612737500000E+02    3.052427184691381E+03
                     2990    3.216536092500000E+02    3.046214467116450E+03
                     3000    3.227386815000000E+02    3.043571570627708E+03
                     3010    3.238029675000000E+02    3.078750958337434E+03
                     3020    3.248604385000000E+02    3.060187514364338E+03
                     3030    3.259298340000000E+02    3.070156050737733E+03
                     3040    3.269854717500000E+02    3.047565099164574E+03
                     3050    3.280459705000000E+02    3.065565032378264E+03
                     3060    3.291655370000000E+02    3.070236438668420E+03
                     3070    3.302666550000000E+02    3.053706610810266E+03
                     3080    3.313553700000000E+02    3.042832993255580E+03
                     3090    3.324647692500000E+02    3.045977185713383E+03
                     3100    3.336026552500000E+02    3.046688979596689E+03
                     3110    3.346660874999999E+02    3.061338100067333E+03
                     3120    3.357292072499999E+02    3.054848165784742E+03
                     3130    3.368047547500000E+02    3.055495671049806E+03
                     3140    3.378723627500000E+02    3.027383069073691E+03
                     3150    3.389609020000000E+02    3.053953851445915E+03
                     3160    3.400257257500000E+02    3.054239230007508E+03
                     3170    3.411265410000000E+02    3.058570001351896E+03
                     3180    3.422333157500000E+02    3.053868375382485E+03
                     3190    3.433237252500000E+02    3.062628438882623E+03
                     3200    3.443962025000000E+02    3.061567159632355E+03
                     3210    3.454657307500000E+02    3.079681589100137E+03
                     3220    3.465641332500000E+02    3.049942575257931E+03
                     3230    3.476499037500000E+02    3.062484724917321E+03
                     3240    3.487586325000000E+02    3.042282013093807E+03
                     3250    3.498335607499999E+02    3.063262948163701E+03
                     3260    3.509141962500000E+02    3.065273063857921E+03
                     3270    3.519851172500000E+02    3.058909434795456E+03
                     3280    3.530969522500000E+02    3.043863232744501E+03
                     3290    3.541419245000000E+02    3.060621795388488E+03
                     3300    3.552043405000000E+02    3.031008215807389E+03
                     3310    3.563120820000000E+02    3.033147535783603E+03
                     3320    3.574190902500000E+02    3.051321852985936E+03
                     3330    3.585193102500000E+02    3.047161694184565E+03
                     3340    3.596212432500000E+02    3.049831901507809E+03
                     3350    3.606978182500000E+02    3.038543725007707E+03
                     3360    3.617871640000000E+02    3.069628619969259E+03
                     3370    3.628472650000000E+02    3.052827252374748E+03
                     3380    3.639098365000000E+02    3.037555210323658E+03
                     3390    3.649871865000000E+02    3.060300435844722E+03
                     3400    3.660751502500000E+02    3.054829339944707E+03
                     3410    3.671580687500000E+02    3.026409863731807E+03
                     3420    3.682737795000000E+02    3.043991875096196E+03
                     3430    3.693665062500000E+02    3.035352729773334E+03
                     3440    3.704775710000000E+02    3.054004231842568E+03
                     3450    3.716038705000000E+02    3.061793237811596E+03
                     3460    3.727165237500000E+02    3.054658462902407E+03
                     3470    3.738520917500000E+02    3.044177591162812E+03
                     3480    3.749535427500000E+02    3.058365482386980E+03
                     3490    3.760678290000000E+02    3.050116820200853E+03
                     3500    3.771624417500000E+02    3.055101611551299E+03
                     3510    3.782612675000000E+02    3.049684879983862E+03
                     3520    3.793614817500000E+02    3.031780632426524E+03
                     3530    3.804891967500000E+02    3.044943953071084E+03
                     3540    3.816035202500000E+02    3.036930620580409E+03
                     3550    3.827552010000000E+02    3.043986207995430E+03
                     3560    3.838801177500000E+02    3.065280961357811E+03
                     3570    3.849540770000000E+02    3.066307843766282E+03
                     3580    3.860350705000000E+02    3.039985662644440E+03
                     3590    3.871206517500000E+02    3.032015154231211E+03
                     3600    3.881986092499999E+02    3.060585318773328E+03
                     3610    3.892814375000000E+02    3.063996180490102E+03
                     3620    3.903780305000000E+02    3.088731255152382E+03
                     3630    3.914600625000000E+02    3.059936337919702E+03
                     3640    3.925297932500000E+02    3.056870543192369E+03
                     3650    3.935998522500000E+02    3.046898277338886E+03
                     3660    3.947467805000000E+02    3.041702591461433E+03
                     3670    3.958480157499999E+02    3.045368553875460E+03
                     3680    3.969505435000000E+02    3.072328441914213E+03
                     3690    3.980880957500000E+02    3.029959482231538E+03
                     3700    3.992613522500000E+02    3.051117567890641E+03
                     3710    4.003310442500000E+02    3.070424216938055E+03
                     3720    4.014009095000000E+02    3.047868357286421E+03
                     3730    4.025111492500000E+02    3.046381636225824E+03
                     3740    4.036076060000000E+02    3.051667524901834E+03
                     3750    4.046635127500000E+02    3.059910924231691E+03
                     3760    4.057460307500000E+02    3.094668602357948E+03
                     3770    4.068256742500000E+02    3.057278498562841E+03
                     3780    4.079885614999999E+02    3.028886240025003E+03
                     3790    4.091314020000000E+02    3.059968767732266E+03
                     3800    4.102651797500000E+02    3.046700598078256E+03
                     3810    4.113680187500000E+02    3.033423588918720E+03
                     3820    4.124599992500000E+02    3.039721234127486E+03
                     3830    4.136268020000000E+02    3.058481002618762E+03
                     3840    4.147320177500000E+02    3.034645097355432E+03
                     3850    4.157922592500000E+02    3.038771138681908E+03
                     3860    4.168792167500000E+02    3.051522447449057E+03
                     3870    4.179700260000000E+02    3.021967978237336E+03
                     3880    4.191027185000000E+02    3.047136515120359E+03
                     3890    4.201908022500000E+02    3.035625703003619E+03
                     3900    4.212994345000000E+02    3.048472163124543E+03
                     3910    4.223899645000000E+02    3.060279454779936E+03
                     3920    4.234417487500000E+02    3.052454706109117E+03
                     3930    4.244977437500000E+02    3.047572420158017E+03
                     3940    4.256068522500000E+02    3.048407814650539E+03
                     3950    4.266809287500000E+02    3.064314677746650E+03
                     3960    4.277716912499999E+02    3.058115252009171E+03
                     3970    4.288437245000000E+02    3.038988963198698E+03
                     3980    4.299202942500000E+02    3.039888143653887E+03
                     3990    4.309950402500000E+02    3.063823126021171E+03
                     4000    4.320700607500000E+02    3.046795449283280E+03
                     4010    4.331623260000000E+02    3.033929236261533E+03
                     4020    4.342646710000000E+02    3.033272829740232E+03
                     4030    4.353449582500000E+02    3.048819390140266E+03
                     4040    4.364136715000000E+02    3.024267246229426E+03
                     4050    4.374893235000000E+02    3.039926326950042E+03
                     4060    4.385595467500000E+02    3.048298322242414E+03
                     4070    4.396557940000000E+02    3.026645338916995E+03
                     4080    4.407606825000000E+02    3.038945448547428E+03
                     4090    4.418456157500000E+02    3.023666048392884E+03
                     4100    4.429197789999999E+02    3.053432438219807E+03
                     4110    4.440049145000000E+02    3.036423595976538E+03
                     4120    4.450932130000000E+02    3.027592037147840E+03
                     4130    4.462597500000000E+02    3.027084180678723E+03
                     4140    4.473388965000000E+02    3.005480736271267E+03
                     4150    4.484798747500000E+02    2.999438389065342E+03
                     4160    4.495702565000000E+02    3.002843223507495E+03
                     4170    4.506472847500000E+02    3.046986442382114E+03
                     4180    4.517106705000000E+02    3.003985798842114E+03
                     4190    4.528009709999999E+02    3.046943215189990E+03
                     4200    4.538697647499999E+02    3.029362889688423E+03
                     4210    4.549620120000000E+02    3.037692308760588E+03
                     4220    4.560831057500000E+02    3.032837324957535E+03
                     4230    4.571401242500000E+02    3.044696625169967E+03
                     4240    4.582242805000000E+02    3.040967288289329E+03
                     4250    4.592801452500000E+02    3.037864746227118E+03
                     4260    4.603306147500000E+02    3.051304505241932E+03
                     4270    4.614306997500000E+02    3.022451049128929E+03
                     4280    4.625251170000000E+02    3.018191491546070E+03
                     4290    4.636222455000000E+02    3.017446723875131E+03
                     4300    4.646746965000000E+02    3.039861782064730E+03
                     4310    4.657722977500000E+02    3.031994143083908E+03
                     4320    4.668489560000000E+02    3.018586525650554E+03
                     4330    4.679234767500000E+02    3.034661495875303E+03
                     4340    4.690092059999999E+02    3.024224376783881E+03
                     4350    4.700897335000000E+02    3.040650154892792E+03
                     4360    4.712062095000000E+02    3.026497598703846E+03
                     4370    4.722702422500000E+02    3.019314025120588E+03
                     4380    4.733485650000000E+02    3.026948950012569E+03
                     4390    4.744282880000000E+02    3.018856527194323E+03
                     4400    4.755008747500000E+02    3.012553885743916E+03
                     4410    4.765726855000000E+02    3.020850997661172E+03
                     4420    4.776597902500000E+02    3.023638283404103E+03
                     4430    4.787403287499999E+02    3.004285910210408E+03
                     4440    4.798168657500000E+02    3.011378950631145E+03
                     4450    4.808961017500000E+02    3.019320896646866E+03
                     4460    4.819936167499999E+02    2.986134147997765E+03
                     4470    4.830522962500000E+02    3.019178167640150E+03
                     4480    4.841134375000000E+02    3.005344432518894E+03
                     4490    4.852198475000000E+02    3.002888337446520E+03
                     4500    4.863090769999999E+02    3.000068895426510E+03
                     4510    4.874170895000000E+02    2.995768982475216E+03
                     4520    4.884972837500000E+02    3.020038061437240E+03
                     4530    4.895539975000000E+02    3.015048800826256E+03
                     4540    4.906589072500000E+02    3.028179594863120E+03
                     4550    4.917524177499999E+02    2.996712683109310E+03
                     4560    4.928180170000000E+02    3.021571102646846E+03
                     4570    4.939737922500000E+02    3.017640716405135E+03
                     4580    4.950406672500000E+02    3.012640756882350E+03
                     4590    4.961461612500000E+02    3.018070276912752E+03
                     4600    4.972107802500000E+02    3.014197467171361E+03
                     4610    4.983077157500000E+02    2.997080965735296E+03
                     4620    4.993735357500000E+02    3.031325015315599E+03
                     4630    5.004698059999999E+02    3.008813613996116E+03
                     4640    5.015900372500000E+02    3.009362831602053E+03
                     4650    5.026622152500000E+02    3.020105213853299E+03
                     4660    5.037602422500000E+02    3.016099885217570E+03
                     4670    5.048544410000000E+02    3.033632006680076E+03
                     4680    5.059506687500000E+02    3.002774455790508E+03
                     4690    5.070187777500000E+02    3.028050109436186E+03
                     4700    5.080956552500000E+02    3.019905690217770E+03
                     4710    5.091563660000000E+02    3.015917181898096E+03
                     4720    5.102885505000000E+02    3.009359267318936E+03
                     4730    5.113523807500000E+02    3.037145943062720E+03
                     4740    5.124563969999999E+02    2.993619216924643E+03
                     4750    5.135476237500000E+02    2.998699994662232E+03
                     4760    5.146171965000000E+02    3.006237186047772E+03
                     4770    5.157153105000000E+02    3.011641484876970E+03
                     4780    5.167817267500000E+02    3.029796403222151E+03
                     4790    5.178596550000000E+02    2.999670557402717E+03
                     4800    5.189301560000000E+02    3.004946426093080E+03
                     4810    5.200239084999999E+02    3.034217668744972E+03
                     4820    5.211447997499999E+02    3.013151225968049E+03
                     4830    5.222421304999999E+02    3.013778833770333E+03
                     4840    5.233212649999999E+02    3.028044610692707E+03
                     4850    5.244021084999999E+02    2.995618269567410E+03
                     4860    5.254922799999999E+02    3.005726845272888E+03
                     4870    5.265740797500000E+02    2.983262683265398E+03
                     4880    5.276436732500000E+02    3.009893549068350E+03
                     4890    5.287289105000000E+02    3.021853463280257E+03
                     4900    5.297997644999999E+02    3.003339221348129E+03
                     4910    5.309045472500000E+02    3.004726861028642E+03
                     4920    5.319890725000000E+02    2.991509604888991E+03
                     4930    5.331502009999999E+02    2.998019266318339E+03
                     4940    5.342494622500000E+02    3.011426620847631E+03
                     4950    5.353219697500000E+02    3.007242115383275E+03
                     4960    5.364372875000000E+02    3.016444496742912E+03
                     4970    5.375401065000000E+02    3.005869218436221E+03
                     4980    5.386352617499999E+02    3.001969061998219E+03
                     4990    5.396970942500000E+02    3.010179068722086E+03
                     5000    5.407743582500000E+02    2.993234207534254E+03
                     5010    5.418912750000000E+02    3.011744807043427E+03
                     5020    5.429406825000000E+02    3.018616130184717E+03
                     5030    5.439835622500000E+02    2.992720814799040E+03
                     5040    5.450157475000000E+02    2.994396193973237E+03
                     5050    5.461005987500000E+02    2.977165609764949E+03
                     5060    5.471918234999999E+02    2.964475521423293E+03
                     5070    5.482717660000000E+02    2.962795811370594E+03
                     5080    5.493887199999999E+02    2.952332092185823E+03
                     5090    5.504718412500000E+02    2.945895577315147E+03
                     5100    5.515346392499999E+02    2.963101293697400E+03
                     5110    5.526064437499999E+02    2.957634190239874E+03
                     5120    5.536958215000000E+02    2.980044592967104E+03
                     5130    5.548148295000000E+02    2.957808704937080E+03
                     5140    5.559231430000000E+02    2.979478346522357E+03
                     5150    5.570009172499999E+02    2.955207116145907E+03
                     5160    5.581038107500000E+02    2.949510615671724E+03
                     5170    5.591928439999999E+02    2.969808189197465E+03
                     5180    5.602276889999999E+02    2.965323174122494E+03
                     5190    5.613735075000000E+02    2.975776648247090E+03
                     5200    5.624696490000000E+02    2.965922393171616E+03
                     5210    5.635353812500000E+02    2.956666236455400E+03
                     5220    5.646226567499999E+02    2.943834390258095E+03
                     5230    5.657095212500000E+02    2.952917841643863E+03
                     5240    5.667905162500000E+02    2.961400322425211E+03
                     5250    5.678742625000000E+02    2.961401121537906E+03
                     5260    5.689521147500000E+02    2.970190976139695E+03
                     5270    5.700226547500000E+02    2.955191076097839E+03
                     5280    5.711160522499999E+02    2.980299833669868E+03
                     5290    5.722205680000000E+02    2.981214916963785E+03
                     5300    5.732865039999999E+02    2.972782962078304E+03
                     5310    5.743726664999999E+02    2.955249655202096E+03
                     5320    5.754334445000000E+02    2.959087053084491E+03
                     5330    5.764604837500000E+02    2.955215731778812E+03
                     5340    5.775636800000000E+02    2.960231724166834E+03
                     5350    5.786719402499999E+02    2.977000118896347E+03
                     5360    5.797863087500000E+02    2.957401614787912E+03
                     5370    5.808943702500000E+02    2.969509505555772E+03
                     5380    5.819867465000000E+02    2.983549600988085E+03
                     5390    5.833705705000000E+02    2.984571011660488E+03
                     5400    5.845198574999999E+02    2.963351896700425E+03
                     5410    5.856163597500000E+02    2.971472553821715E+03
                     5420    5.867191447499999E+02    2.979501969343393E+03
                     5430    5.877941499999999E+02    2.960835826851461E+03
                     5440    5.888795432500000E+02    2.952238150133077E+03
                     5450    5.899480689999999E+02    2.949527366618918E+03
                     5460    5.910782475000000E+02    2.967278106838847E+03
                     5470    5.921682569999999E+02    2.956906758573716E+03
                     5480    5.932593077499999E+02    2.951419372052718E+03
                     5490    5.943691355000000E+02    2.979383962745226E+03
                     5500    5.954261475000000E+02    2.969269234416683E+03
                     5510    5.964828319999999E+02    2.961467304826448E+03
                     5520    5.975422790000000E+02    2.954476517287725E+03
                     5530    5.986144970000000E+02    2.957950162371257E+03
                     5540    5.996922847500000E+02    2.979556228975375E+03
                     5550    6.007773112500000E+02    2.966636297108554E+03
                     5560    6.018960059999999E+02    2.980589070929457E+03
                     5570    6.029923600000000E+02    2.952533377201572E+03
                     5580    6.041073132499999E+02    2.960878871224126E+03
                     5590    6.051772784999999E+02    2.988682011004561E+03
                     5600    6.062223662499999E+02    2.983731444522816E+03
                     5610    6.072990562499999E+02    2.934292350394337E+03
                     5620    6.083890242499999E+02    2.965915851936033E+03
                     5630    6.094678830000000E+02    2.975873773994527E+03
                     5640    6.105383670000000E+02    2.988457434773660E+03
                     5650    6.116082875000000E+02    2.966224620655352E+03
                     5660    6.127048097500000E+02    2.984021536204095E+03
                     5670    6.137843610000000E+02    2.961345650679439E+03
                     5680    6.148657760000000E+02    2.970414298568084E+03
                     5690    6.159333357500000E+02    2.973876229816461E+03
                     5700    6.170119794999999E+02    2.965304508960058E+03
                     5710    6.180938645000000E+02    2.963029722470319E+03
                     5720    6.191813230000000E+02    2.951276566597773E+03
                     5730    6.202752009999999E+02    2.958117314213566E+03
                     5740    6.213449832499999E+02    2.956050349198482E+03
                     5750    6.224409782499999E+02    2.967607060949829E+03
                     5760    6.235377645000000E+02    2.956020977065079E+03
                     5770    6.246585347499999E+02    2.965121317385132E+03
                     5780    6.257720732499999E+02    2.944249372148684E+03
                     5790    6.268751667499999E+02    2.970446656762612E+03
                     5800    6.279536654999999E+02    2.948895632264092E+03
                     5810    6.290331842500000E+02    2.966664097315109E+03
                     5820    6.300953200000000E+02    2.972431636810241E+03
                     5830    6.311679407500000E+02    2.969116012558150E+03
                     5840    6.322352672500000E+02    2.960157356687780E+03
                     5850    6.333453642500000E+02    2.956415360147391E+03
                     5860    6.344156839999999E+02    2.966701914943084E+03
                     5870    6.354589680000000E+02    2.995375223173873E+03
                     5880    6.365254414999999E+02    2.955123516485064E+03
                     5890    6.375882977499999E+02    2.948082781003655E+03
                     5900    6.386937752499999E+02    2.954815031218584E+03
                     5910    6.397834122500000E+02    2.957292283805106E+03
                     5920    6.408519729999999E+02    2.985568538025054E+03
                     5930    6.419246684999999E+02    2.968357232609282E+03
                     5940    6.430039694999999E+02    2.945873124098758E+03
                     5950    6.440714427500000E+02    2.976897397874622E+03
                     5960    6.451317564999999E+02    2.971827445516446E+03
                     5970    6.462186097499999E+02    2.959393138210059E+03
                     5980    6.473129835000000E+02    2.949387739760159E+03
                     5990    6.484183015000000E+02    2.973601468217865E+03
                     6000    6.495291022499999E+02    2.965692742899460E+03
                     6010    6.506279727500000E+02    2.964957880481954E+03
                     6020    6.517014260000000E+02    2.972635961879826E+03
                     6030    6.528002537500000E+02    2.968057481073723E+03
                     6040    6.538693215000000E+02    2.982860668017955E+03
                     6050    6.549380555000000E+02    2.969969647598205E+03
                     6060    6.560219462499999E+02    2.986691367106822E+03
                     6070    6.571000587500000E+02    2.987368446762318E+03
                     6080    6.581930307499999E+02    2.947656711914852E+03
                     6090    6.592731407499999E+02    2.966555788562195E+03
                     6100    6.603677195000000E+02    2.956407708864370E+03
                     6110    6.614377287500000E+02    2.945977764314805E+03
                     6120    6.625172377499999E+02    2.941383969878513E+03
                     6130    6.635792400000000E+02    2.956908681569635E+03
                     6140    6.646430295000000E+02    2.965817430100877E+03
                     6150    6.657393947500000E+02    2.966044912286444E+03
                     6160    6.668155902500000E+02    2.968213786872056E+03
                     6170    6.678905422500000E+02    2.950098607728642E+03
                     6180    6.689825767500000E+02    2.973564159426578E+03
                     6190    6.700637929999999E+02    2.973784303116795E+03
                     6200    6.711641545000000E+02    2.963448305061132E+03
                     6210    6.722363252499999E+02    2.997449610256185E+03
                     6220    6.733006695000000E+02    2.965485258281223E+03
                     6230    6.743616857500000E+02    2.969675830293121E+03
                     6240    6.754434697500000E+02    2.949843772188339E+03
                     6250    6.765516362500000E+02    2.962168862252338E+03
                     6260    6.776426410000000E+02    2.944661022219678E+03
                     6270    6.787141295000000E+02    2.966894745472366E+03
                     6280    6.798028442500000E+02    2.941406054008225E+03
                     6290    6.809185235000000E+02    2.954044391161138E+03
                     6300    6.820687472500000E+02    2.950500585832602E+03
                     6310    6.831488009999999E+02    2.966444879542969E+03
                     6320    6.842854907500000E+02    2.956825375045960E+03
                     6330    6.853625180000000E+02    2.954551523237999E+03
                     6340    6.864546762499999E+02    2.961795673744694E+03
                     6350    6.875555722500000E+02    2.954191375276253E+03
                     6360    6.886445940000000E+02    2.957361193757640E+03
                     6370    6.897456854999999E+02    2.973202681097781E+03
                     6380    6.908321455000000E+02    2.994355058762159E+03
                     6390    6.919482510000000E+02    2.979178502345178E+03
                     6400    6.930484470000000E+02    2.968541824245813E+03
                     6410    6.941634250000000E+02    2.956176189391053E+03
                     6420    6.952349965000000E+02    2.974412089728286E+03
                     6430    6.963167700000000E+02    2.952022363702333E+03
                     6440    6.974142120000000E+02    2.964299536071698E+03
                     6450    6.984887957500000E+02    2.937605714344203E+03
                     6460    6.995983340000000E+02    2.983692972775977E+03
                     6470    7.006796222500000E+02    2.959838540977655E+03
                     6480    7.017847342499999E+02    2.984699627055806E+03
                     6490    7.028903779999999E+02    2.957436900823182E+03
                     6500    7.039629667500000E+02    2.973278932282887E+03
                     6510    7.050158417499999E+02    2.979744648041940E+03
                     6520    7.060504802500000E+02    2.974747283336138E+03
                     6530    7.071132657500000E+02    2.978079193611727E+03
                     6540    7.081907372500000E+02    2.975887529958577E+03
                     6550    7.092833274999999E+02    2.979866955372559E+03
                     6560    7.103748895000000E+02    2.941524350877046E+03
                     6570    7.114549742500000E+02    2.953903628087443E+03
                     6580    7.125340572499999E+02    2.969286911662832E+03
                     6590    7.136256512499999E+02    2.966707842170034E+03
                     6600    7.146959117499999E+02    2.963348282591678E+03
                     6610    7.158430837500000E+02    2.945969438344518E+03
                     6620    7.169023272500000E+02    2.966172038031080E+03
                     6630    7.179642715000000E+02    2.974384576003410E+03
                     6640    7.190980384999999E+02    2.945937503844581E+03
                     6650    7.202144740000000E+02    2.968059555729406E+03
                     6660    7.212811887500000E+02    2.938589193484483E+03
                     6670    7.223633960000000E+02    2.956426404414256E+03
                     6680    7.234915932499999E+02    2.962568080381214E+03
                     6690    7.245553760000000E+02    2.981539401564549E+03
                     6700    7.256242575000000E+02    2.967414948666818E+03
                     6710    7.266915825000000E+02    2.942618899080800E+03
                     6720    7.278037752499999E+02    2.948985318479095E+03
                     6730    7.289550827500000E+02    2.956154394664869E+03
                     6740    7.300107802499999E+02    2.965690718963950E+03
                     6750    7.311051347499999E+02    2.941989832920176E+03
                     6760    7.322095035000000E+02    2.956159020058428E+03
                     6770    7.333123987499999E+02    2.969192737215985E+03
                     6780    7.343895267500000E+02    2.962718104396875E+03
                     6790    7.354597457500000E+02    2.992197661675184E+03
                     6800    7.365084032500000E+02    2.975364820678716E+03
                     6810    7.376002327499999E+02    2.967981540006376E+03
                     6820    7.386929200000000E+02    2.991871297701498E+03
                     6830    7.398027487500000E+02    2.982401666763551E+03
                     6840    7.409009510000000E+02    2.960531758315089E+03
                     6850    7.419885284999999E+02    2.987719991157583E+03
                     6860    7.430809842500000E+02    2.964465222842370E+03
                     6870    7.441595562499999E+02    2.967230217394320E+03
                     6880    7.452556252500000E+02    2.951220909215594E+03
                     6890    7.463365342500000E+02    2.949760417876661E+03
                     6900    7.474351027499999E+02    2.956075881354894E+03
                     6910    7.485195735000000E+02    2.958526854595460E+03
                     6920    7.496249402500000E+02    2.946804389023609E+03
                     6930    7.506869982500000E+02    2.948489670770426E+03
                     6940    7.517385782499999E+02    2.963435101611970E+03
                     6950    7.527878375000000E+02    2.962056364546548E+03
                     6960    7.538743515000000E+02    2.968307258818144E+03
                     6970    7.549831772499999E+02    2.956241856030283E+03
                     6980    7.560828002500000E+02    2.970614484200426E+03
                     6990    7.571884950000000E+02    2.962743642375295E+03
                     7000    7.582623149999999E+02    2.973444836119159E+03
                     7010    7.593615070000000E+02    2.937589044935630E+03
                     7020    7.604277502499999E+02    2.939587327242443E+03
                     7030    7.614947940000000E+02    2.970055776226050E+03
                     7040    7.625672125000000E+02    2.963249181853334E+03
                     7050    7.636126395000000E+02    2.961637295429778E+03
                     7060    7.646644245000000E+02    2.948233044170320E+03
                     7070    7.657480897500000E+02    2.969130510202760E+03
                     7080    7.667995960000000E+02    2.987793135073072E+03
                     7090    7.678806162500000E+02    2.951604882122958E+03
                     7100    7.689880015000000E+02    2.962108735644689E+03
                     7110    7.701189345000000E+02    2.963166593085055E+03
                     7120    7.712277162500000E+02    2.968163471795024E+03
                     7130    7.723167430000000E+02    2.970359531192075E+03
                     7140    7.734086585000000E+02    2.976817323946556E+03
                     7150    7.745301777500000E+02    2.945538015662089E+03
                     7160    7.756208992500000E+02    2.938613537003409E+03
                     7170    7.767458435000000E+02    2.975941136811168E+03
                     7180    7.778628375000000E+02    2.958968558950136E+03
                     7190    7.789414975000000E+02    2.944979684541605E+03
                     7200    7.800363275000000E+02    2.978790477036810E+03
                     7210    7.811155182499999E+02    2.949491882958380E+03
                     7220    7.822033942500000E+02    2.940740584302916E+03
                     7230    7.832673622500000E+02    2.968647289965963E+03
                     7240    7.843780985000000E+02    2.954215778307360E+03
                     7250    7.854420672499999E+02    2.959625283591239E+03
                     7260    7.865209097500000E+02    2.940288590410937E+03
                     7270    7.876123279999999E+02    2.952943172006306E+03
                     7280    7.887283185000000E+02    2.959111142437643E+03
                     7290    7.897987734999999E+02    2.959487148677810E+03
                     7300    7.908988992500000E+02    2.965442430488016E+03
                     7310    7.919725720000000E+02    2.954621450926267E+03
                     7320    7.930979992499999E+02    2.962452802055345E+03
                     7330    7.941799142500000E+02    2.951361073189438E+03
                     7340    7.952523347499999E+02    2.956602888426104E+03
                     7350    7.963420627500000E+02    2.958619059922638E+03
                     7360    7.974258912499999E+02    2.922632918307868E+03
                     7370    7.985029957500000E+02    2.963047571604243E+03
                     7380    7.996445222500000E+02    2.959199188488778E+03
                     7390    8.007491755000000E+02    2.947468149645646E+03
                     7400    8.018369357500000E+02    2.966387984867443E+03
                     7410    8.029107590000000E+02    2.935908681813683E+03
                     7420    8.039737584999999E+02    2.953346608351288E+03
                     7430    8.050481980000000E+02    2.953310614745084E+03
                     7440    8.061197350000000E+02    2.985480285928761E+03
                     7450    8.071806432500000E+02    2.960577348541056E+03
                     7460    8.082227732499999E+02    2.974871419267366E+03
                     7470    8.093182932500000E+02    2.950497184959952E+03
                     7480    8.104055452499999E+02    2.934240537204963E+03
                     7490    8.115117550000000E+02    2.945674141049745E+03
                     7500    8.125814392500000E+02    2.954812298148755E+03
                     7510    8.136682912499999E+02    2.936677814630043E+03
                     7520    8.147494970000000E+02    2.967470803613117E+03
                     7530    8.158100800000000E+02    2.929278894919149E+03
                     7540    8.168757412499999E+02    2.915118603027257E+03
                     7550    8.179967590000000E+02    2.902027567468958E+03
                     7560    8.191509952499999E+02    2.911072817221685E+03
                     7570    8.202674294999999E+02    2.920651751370779E+03
                     7580    8.213320580000000E+02    2.921544701082842E+03
                     7590    8.224761177500000E+02    2.920797534131073E+03
                     7600    8.235704035000000E+02    2.969167408835259E+03
                     7610    8.246272025000000E+02    2.929913101527077E+03
                     7620    8.257105767500000E+02    2.947604703173309E+03
                     7630    8.268105182500000E+02    2.916875496524621E+03
                     7640    8.279016300000000E+02    2.929084871551534E+03
                     7650    8.290191075000000E+02    2.913616757187299E+03
                     7660    8.300953380000000E+02    2.926004685409608E+03
                     7670    8.311896122500000E+02    2.913457573073329E+03
                     7680    8.322827260000000E+02    2.925456094189284E+03
                     7690    8.333719635000000E+02    2.911565469700749E+03
                     7700    8.344602832500000E+02    2.926406303117735E+03
                     7710    8.355489692500000E+02    2.909877992508368E+03
                     7720    8.365935252500000E+02    2.908864097260600E+03
                     7730    8.376537410000000E+02    2.935841140961645E+03
                     7740    8.387396702500000E+02    2.929942373652578E+03
                     7750    8.398163112500000E+02    2.917419939112256E+03
                     7760    8.408811959999999E+02    2.943551602709754E+03
                     7770    8.419611717499999E+02    2.920451142941178E+03
                     7780    8.430944314999999E+02    2.928784471679885E+03
                     7790    8.441567957500000E+02    2.910728166200794E+03
                     7800    8.452455414999999E+02    2.918301453251999E+03
                     7810    8.463428615000000E+02    2.927940656715902E+03
                     7820    8.474199695000000E+02    2.902215755924056E+03
                     7830    8.484795990000000E+02    2.904440721902185E+03
                     7840    8.495783435000000E+02    2.918562385973260E+03
                     7850    8.506718700000000E+02    2.933468950753768E+03
                     7860    8.517932967500000E+02    2.932049141660457E+03
                     7870    8.528781782500000E+02    2.915319650865341E+03
                     7880    8.539454402499999E+02    2.917648607635449E+03
                     7890    8.550374580000000E+02    2.908991288208675E+03
                     7900    8.561069504999999E+02    2.925082283583467E+03
                     7910    8.571946240000000E+02    2.931281647366208E+03
                     7920    8.583100592500000E+02    2.932127779701771E+03
                     7930    8.594161692499999E+02    2.909918655197085E+03
                     7940    8.604932225000000E+02    2.924046665708063E+03
                     7950    8.615624092500000E+02    2.926183122757479E+03
                     7960    8.626700559999999E+02    2.928943474711668E+03
                     7970    8.638105200000000E+02    2.918109209695186E+03
                     7980    8.648975230000000E+02    2.920157944570531E+03
                     7990    8.660269089999999E+02    2.934272849836703E+03
                     8000    8.671047782500000E+02    2.919532692320554E+03
                     8010    8.681616299999999E+02    2.918857638349019E+03
                     8020    8.692460197500000E+02    2.907698489323511E+03
                     8030    8.703768100000000E+02    2.923875259991845E+03
                     8040    8.714617547500000E+02    2.912775587234562E+03
                     8050    8.725190607500000E+02    2.927786290762345E+03
                     8060    8.735729252500000E+02    2.933704219522677E+03
                     8070    8.746864177499999E+02    2.925924261849644E+03
                     8080    8.757465762500000E+02    2.906053859980255E+03
                     8090    8.768426330000000E+02    2.926960819414849E+03
                     8100    8.779715219999999E+02    2.913453786844565E+03
                     8110    8.790607000000000E+02    2.913904945743479E+03
                     8120    8.801686152500000E+02    2.916899710073322E+03
                     8130    8.812583282500000E+02    2.950535091800090E+03
                     8140    8.823105462500000E+02    2.938046290214793E+03
                     8150    8.833570915000000E+02    2.910487423139556E+03
                     8160    8.844137505000000E+02    2.948798108216312E+03
                     8170    8.854864027500000E+02    2.938235480251000E+03
                     8180    8.866086554999999E+02    2.907863652559462E+03
                     8190    8.877566555000000E+02    2.916107856244384E+03
                     8200    8.888782802500000E+02    2.936415363448084E+03
                     8210    8.899905697500000E+02    2.928772267596653E+03
                     8220    8.910442045000000E+02    2.931986231214752E+03
                     8230    8.921182602499999E+02    2.921076433813997E+03
                     8240    8.931864572500000E+02    2.929071993672479E+03
                     8250    8.942780332500000E+02    2.914778707003064E+03
                     8260    8.953493475000000E+02    2.924198304085506E+03
                     8270    8.964679635000000E+02    2.938690753793514E+03
                     8280    8.975566092500000E+02    2.925770677347401E+03
                     8290    8.986508125000000E+02    2.919492024502354E+03
                     8300    8.997271919999999E+02    2.895419536167485E+03
                     8310    9.008107032500000E+02    2.929495979338871E+03
                     8320    9.019191477500000E+02    2.937791955869626E+03
                     8330    9.029766740000000E+02    2.922712471743547E+03
                     8340    9.040763750000000E+02    2.931808655382198E+03
                     8350    9.051730924999999E+02    2.925774549396243E+03
                     8360    9.062076865000000E+02    2.924515492154508E+03
                     8370    9.073229557500000E+02    2.922532014165890E+03
                     8380    9.084132482499999E+02    2.930422545069120E+03
                     8390    9.095342845000000E+02    2.949706635379599E+03
                     8400    9.106322465000000E+02    2.941735416715286E+03
                     8410    9.117371987499999E+02    2.939309554406221E+03
                     8420    9.128152830000000E+02    2.932304521717596E+03
                     8430    9.139186157500000E+02    2.917508414197947E+03
                     8440    9.150240167500000E+02    2.953807250156458E+03
                     8450    9.161126852500000E+02    2.928597054845068E+03
                     8460    9.172125627500000E+02    2.924698612612480E+03
                     8470    9.182908727499999E+02    2.920963537463155E+03
                     8480    9.193575844999999E+02    2.934558229042334E+03
                     8490    9.204398957500000E+02    2.931237484527544E+03
                     8500    9.215225120000000E+02    2.926584391547399E+03
                     8510    9.225840287500000E+02    2.930191276671526E+03
                     8520    9.236632857500000E+02    2.941456232442538E+03
                     8530    9.247391417499999E+02    2.911856220692124E+03
                     8540    9.258007012500000E+02    2.914106557622430E+03
                     8550    9.268933802500000E+02    2.928926612834304E+03
                     8560    9.279559724999999E+02    2.951637265466887E+03
                     8570    9.290674690000000E+02    2.949872280624042E+03
                     8580    9.301124985000000E+02    2.937904932084255E+03
                     8590    9.311602920000000E+02    2.923718807636086E+03
                     8600    9.322272760000000E+02    2.921891122235338E+03
                     8610    9.333320917500000E+02    2.905897081294794E+03
                     8620    9.343904265000000E+02    2.927575791115241E+03
                     8630    9.354649270000000E+02    2.932510117707947E+03
                     8640    9.365522367500000E+02    2.914961773268139E+03
                     8650    9.376561622500000E+02    2.931186413280280E+03
                     8660    9.387408687500000E+02    2.946591965286498E+03
                     8670    9.398585515000000E+02    2.928865845746827E+03
                     8680    9.409292682500000E+02    2.922682654049753E+03
                     8690    9.420160977500000E+02    2.915736251814889E+03
                     8700    9.430691147499999E+02    2.922747271683914E+03
                     8710    9.441386765000000E+02    2.929360083557534E+03
                     8720    9.452278822500000E+02    2.907589811258126E+03
                     8730    9.463272712500000E+02    2.929172759652769E+03
                     8740    9.474540617499999E+02    2.940477840408897E+03
                     8750    9.485420562500000E+02    2.928862967363209E+03
                     8760    9.496157752500000E+02    2.915771131921732E+03
                     8770    9.506472387499999E+02    2.943570555874605E+03
                     8780    9.516955790000000E+02    2.947675418055916E+03
                     8790    9.527630152500000E+02    2.911011914200914E+03
                     8800    9.538339772500000E+02    2.907522583657159E+03
                     8810    9.549174194999999E+02    2.924747091821582E+03
                     8820    9.560109245000000E+02    2.910504496579587E+03
                     8830    9.570815787499999E+02    2.932851958985680E+03
                     8840    9.581359699999999E+02    2.926233646666346E+03
                     8850    9.592088920000000E+02    2.914381584188640E+03
                     8860    9.602943102500000E+02    2.938761562777280E+03
                     8870    9.613771935000000E+02    2.924003885446597E+03
                     8880    9.624532345000000E+02    2.943600927780565E+03
                     8890    9.635465379999999E+02    2.917563575216410E+03
                     8900    9.646554295000000E+02    2.946215554380604E+03
                     8910    9.657564867500000E+02    2.921277675572208E+03
                     8920    9.668317922499999E+02    2.917144096190780E+03
                     8930    9.679230282500000E+02    2.921781755250227E+03
                     8940    9.690018707500000E+02    2.926541378347348E+03
                     8950    9.700972130000000E+02    2.915279717780780E+03
                     8960    9.711599390000000E+02    2.924692137824840E+03
                     8970    9.722234480000000E+02    2.906048309490453E+03
                     8980    9.733132160000000E+02    2.940708734430238E+03
                     8990    9.743786820000000E+02    2.947522636646144E+03
                     9000    9.754761857500000E+02    2.917757285212439E+03
                     9010    9.765899267500000E+02    2.915525841485626E+03
                     9020    9.776749172500000E+02    2.917603845301528E+03
                     9030    9.787537432500000E+02    2.919843778135923E+03
                     9040    9.797976182500000E+02    2.912825388448242E+03
                     9050    9.808768339999999E+02    2.909487658750249E+03
                     9060    9.819730015000000E+02    2.911293094863219E+03
                     9070    9.830662280000000E+02    2.938663218853695E+03
                     9080    9.841568870000000E+02    2.929039985780706E+03
                     9090    9.852341682499999E+02    2.936320014952516E+03
                     9100    9.863117955000000E+02    2.917051811769054E+03
                     9110    9.873896117500000E+02    2.921565120534553E+03
                     9120    9.884896330000000E+02    2.958940846993735E+03
                     9130    9.895833547500000E+02    2.916519137648931E+03
                     9140    9.906715612500000E+02    2.923678932030693E+03
                     9150    9.917619217499999E+02    2.917781775477319E+03
                     9160    9.928568395000000E+02    2.926544579166836E+03
                     9170    9.939456084999999E+02    2.915518521752243E+03
                     9180    9.950906162499999E+02    2.924649545390802E+03
                     9190    9.961530452500000E+02    2.897813491757824E+03
                     9200    9.972987062500000E+02    2.920897031054331E+03
                     9210    9.984066574999999E+02    2.926118041462988E+03
                     9220    9.995219955000000E+02    2.936680227767878E+03
                     9230    1.000594817250000E+03    2.923145229408979E+03
                     9240    1.001684805500000E+03    2.924122693783234E+03
                     9250    1.002757598000000E+03    2.911959074568479E+03
                     9260    1.003818242000000E+03    2.918231224519672E+03
                     9270    1.004884880000000E+03    2.928084277904198E+03
                     9280    1.005976768500000E+03    2.921655715776054E+03
                     9290    1.007074549250000E+03    2.913785017632545E+03
                     9300    1.008181904250000E+03    2.919071320372531E+03
                     9310    1.009290535000000E+03    2.925827463521675E+03
                     9320    1.010367942250000E+03    2.897784822310618E+03
                     9330    1.011475781250000E+03    2.910785917894829E+03
                     9340    1.012571000000000E+03    2.918167502085931E+03
                     9350    1.013660720500000E+03    2.929473136055925E+03
                     9360    1.014797502500000E+03    2.908422515347576E+03
                     9370    1.015873478500000E+03    2.904498632011035E+03
                     9380    1.016956925750000E+03    2.918995992405617E+03
                     9390    1.018064599250000E+03    2.920253642584680E+03
                     9400    1.019140750250000E+03    2.897044100443306E+03
                     9410    1.020229190500000E+03    2.925706830534752E+03
                     9420    1.021341699250000E+03    2.922256934786305E+03
                     9430    1.022429663250000E+03    2.907976588675122E+03
                     9440    1.023527069250000E+03    2.909636927097275E+03
                     9450    1.024647126250000E+03    2.905979381371358E+03
                     9460    1.025717848500000E+03    2.919452015854627E+03
                     9470    1.026761584500000E+03    2.923149818371300E+03
                     9480    1.027794963500000E+03    2.939447341064390E+03
                     9490    1.028866226000000E+03    2.914138988234296E+03
                     9500    1.029909246500000E+03    2.910391470556819E+03
                     9510    1.031035619750000E+03    2.935528495907181E+03
                     9520    1.032086393750000E+03    2.938460954262488E+03
                     9530    1.033152363500000E+03    2.911774487142729E+03
                     9540    1.034245927500000E+03    2.907658734905378E+03
                     9550    1.035322493500000E+03    2.910168836798865E+03
                     9560    1.036405326250000E+03    2.923331098378231E+03
                     9570    1.037506619250000E+03    2.901018677238338E+03
                     9580    1.038578712000000E+03    2.931434812341556E+03
                     9590    1.039644172500000E+03    2.933757702400863E+03
                     9600    1.040734302500000E+03    2.901195236253753E+03
                     9610    1.041835002250000E+03    2.913063862443697E+03
                     9620    1.042914266250000E+03    2.925677715785042E+03
                     9630    1.044003680250000E+03    2.913497396386520E+03
                     9640    1.045079642750000E+03    2.925444567839543E+03
                     9650    1.046175950250000E+03    2.925470202657779E+03
                     9660    1.047247829250000E+03    2.923543419306202E+03
                     9670    1.048287954750000E+03    2.939851423032884E+03
                     9680    1.049415575000000E+03    2.908843354238204E+03
                     9690    1.050505480750000E+03    2.914267964953626E+03
                     9700    1.051595554500000E+03    2.934013943053895E+03
                     9710    1.052665810750000E+03    2.920619763574265E+03
                     9720    1.053727252000000E+03    2.938942236136174E+03
                     9730    1.054805257250000E+03    2.925317500877060E+03
                     9740    1.055912049250000E+03    2.920083669160554E+03
                     9750    1.057020560250000E+03    2.923317097850289E+03
                     9760    1.058109528250000E+03    2.900288129468411E+03
                     9770    1.059183338500000E+03    2.899787809689055E+03
                     9780    1.060275582750000E+03    2.917785170744579E+03
                     9790    1.061362871500000E+03    2.905901230574578E+03
                     9800    1.062468263500000E+03    2.918185517142945E+03
                     9810    1.063547642750000E+03    2.919955192717665E+03
                     9820    1.064717902750000E+03    2.932545579534334E+03
                     9830    1.065844274250000E+03    2.904347962622744E+03
                     9840    1.067026761250000E+03    2.925378777653226E+03
                     9850    1.068125408750000E+03    2.909058541032635E+03
                     9860    1.069192630750000E+03    2.908763644396327E+03
                     9870    1.070280808250000E+03    2.923160279639178E+03
                     9880    1.071377234500000E+03    2.924627514866863E+03
                     9890    1.072471228000000E+03    2.909205440399291E+03
                     9900    1.073593289250000E+03    2.921271455940862E+03
                     9910    1.074692253750000E+03    2.932317324919167E+03
                     9920    1.075759402500000E+03    2.911000409710809E+03
                     9930    1.076855103750000E+03    2.932605301774843E+03
                     9940    1.077974587750000E+03    2.924409403197535E+03
                     9950    1.079047537000000E+03    2.917547636445312E+03
                     9960    1.080146447000000E+03    2.909883150183920E+03
                     9970    1.081235066750000E+03    2.935719828446988E+03
                     9980    1.082295716500000E+03    2.958198578832903E+03
                     9990    1.083352413750000E+03    2.944204699783789E+03
                    10000    1.084399323750000E+03    2.926017994840828E+03
                    10010    1.085488072000000E+03    2.907879870525268E+03
                    10020    1.086577236250000E+03    2.939603866935553E+03
                    10030    1.087666548250000E+03    2.903397668305809E+03
                    10040    1.088758047750000E+03    2.894235273367723E+03
                    10050    1.089812911250000E+03    2.906109949510833E+03
                    10060    1.090886008250000E+03    2.896853010029064E+03
                    10070    1.091955198500000E+03    2.899705333158681E+03
                    10080    1.093017043750000E+03    2.892888985589677E+03
                    10090    1.094095425750000E+03    2.891613245923687E+03
                    10100    1.095174857500000E+03    2.890346975282627E+03
                    10110    1.096271859750000E+03    2.878109051206877E+03
                    10120    1.097397186750000E+03    2.860504852267291E+03
                    10130    1.098519064750000E+03    2.878417777214398E+03
                    10140    1.099646541000000E+03    2.890460108902215E+03
                    10150    1.100748052750000E+03    2.878510141490086E+03
                    10160    1.101871966750000E+03    2.887871449299892E+03
                    10170    1.102972639250000E+03    2.892808109890267E+03
                    10180    1.104078451000000E+03    2.887018980723936E+03
                    10190    1.105180735250000E+03    2.897208547045044E+03
                    10200    1.106279143500000E+03    2.908947287408158E+03
                    10210    1.107358220750000E+03    2.901477826993228E+03
                    10220    1.108437836250000E+03    2.883752995999632E+03
                    10230    1.109524280500000E+03    2.904124994948929E+03
                    10240    1.110632698250000E+03    2.884773527059228E+03
                    10250    1.111715704000000E+03    2.901565105719373E+03
                    10260    1.112781248000000E+03    2.882234085061703E+03
                    10270    1.113893143000000E+03    2.902268879903863E+03
                    10280    1.114964417000000E+03    2.912156946081542E+03
                    10290    1.116071716250000E+03    2.886313591559670E+03
                    10300    1.117142756500000E+03    2.885205877520156E+03
                    10310    1.118226363000000E+03    2.891692146313030E+03
                    10320    1.119304364500000E+03    2.912766190382806E+03
                    10330    1.120385711000000E+03    2.885642795384106E+03
                    10340    1.121466567250000E+03    2.894510268997931E+03
                    10350    1.122533538500000E+03    2.911956556829464E+03
                    10360    1.123619538750000E+03    2.902151880803931E+03
                    10370    1.124716225750000E+03    2.894277851090744E+03
                    10380    1.125776158000000E+03    2.921499459664757E+03
                    10390    1.126869357500000E+03    2.876252008353745E+03
                    10400    1.127964483500000E+03    2.911132911942042E+03
                    10410    1.129039642750000E+03    2.881487473968262E+03
                    10420    1.130180699000000E+03    2.896480317328072E+03
                    10430    1.131302749500000E+03    2.897103650206128E+03
                    10440    1.132382395250000E+03    2.908068858481236E+03
                    10450    1.133417732250000E+03    2.901081570923516E+03
                    10460    1.134520831250000E+03    2.897849158586569E+03
                    10470    1.135609924250000E+03    2.914316088520534E+03
                    10480    1.136714986500000E+03    2.868176045593139E+03
                    10490    1.137813183750000E+03    2.914378256251062E+03
                    10500    1.138879322750000E+03    2.884696966080950E+03
                    10510    1.139971002250000E+03    2.883494462943554E+03
                    10520    1.141047781500000E+03    2.886339994447849E+03
                    10530    1.142121202250000E+03    2.877012874473755E+03
                    10540    1.143213785000000E+03    2.903411801570455E+03
                    10550    1.144382435500000E+03    2.897858666590238E+03
                    10560    1.145457218500000E+03    2.906915387419791E+03
                    10570    1.146575935500000E+03    2.904339794895127E+03
                    10580    1.147653741000000E+03    2.883317907346912E+03
                    10590    1.148750417000000E+03    2.889070003772497E+03
                    10600    1.149851678500000E+03    2.898359712488929E+03
                    10610    1.150928647500000E+03    2.883914228762227E+03
                    10620    1.152022712500000E+03    2.880236731349579E+03
                    10630    1.153113720250000E+03    2.881652039716936E+03
                    10640    1.154201821500000E+03    2.889637134634811E+03
                    10650    1.155252086000000E+03    2.905708260501712E+03
                    10660    1.156336688000000E+03    2.866395370032374E+03
                    10670    1.157430220750000E+03    2.900014296832440E+03
                    10680    1.158516365250000E+03    2.910953603454636E+03
                    10690    1.159611668750000E+03    2.905448511603788E+03
                    10700    1.160666648000000E+03    2.893541730005167E+03
                    10710    1.161752599000000E+03    2.871972412050466E+03
                    10720    1.162854485500000E+03    2.890286452241304E+03
                    10730    1.163975485000000E+03    2.881091437042159E+03
                    10740    1.165043500250000E+03    2.870531890165925E+03
                    10750    1.166155125000000E+03    2.879902041032687E+03
                    10760    1.167261648250000E+03    2.884804762865392E+03
                    10770    1.168358526500000E+03    2.882919541273457E+03
                    10780    1.169438858000000E+03    2.885785321961611E+03
                    10790    1.170522704500000E+03    2.895628009143386E+03
                    10800    1.171642452250000E+03    2.875725309740736E+03
                    10810    1.172741284750000E+03    2.879430638247930E+03
                    10820    1.173824834000000E+03    2.882790755633081E+03
                    10830    1.174920772250000E+03    2.909590254408648E+03
                    10840    1.176003651250000E+03    2.897198962434471E+03
                    10850    1.177101882500000E+03    2.885604922376662E+03
                    10860    1.178176513500000E+03    2.885779797316975E+03
                    10870    1.179289106250000E+03    2.890078315461592E+03
                    10880    1.180393774250000E+03    2.881334089447632E+03
                    10890    1.181469858750000E+03    2.886882186695221E+03
                    10900    1.182565271000000E+03    2.896272319919407E+03
                    10910    1.183648652500000E+03    2.894239695660945E+03
                    10920    1.184733817750000E+03    2.882390105023456E+03
                    10930    1.185834540250000E+03    2.886768793121699E+03
                    10940    1.186929253500000E+03    2.891907496423306E+03
                    10950    1.188019972000000E+03    2.895432928553189E+03
