#   9 Städte
# Stadt             x-Koordinate             y-Koordinate
     1    5.200000000000000E+01    1.700000000000000E+01
     2    3.700000000000000E+01    9.100000000000000E+01
     3    8.500000000000000E+01    6.100000000000000E+01
     4    3.500000000000000E+01    7.400000000000000E+01
     5    5.100000000000000E+01    9.300000000000000E+01
     6    1.300000000000000E+01    5.400000000000000E+01
     7    3.700000000000000E+01    3.300000000000000E+01
     8    5.100000000000000E+01    5.300000000000000E+01
     9    7.700000000000000E+01    1.000000000000000E+01
